1341846313.592026 0.000000000 0.000000000 0.000000000 0.000000000 0.000000000 0.000000000 1.000000000
1341846313.654184 0.010585258 -0.000569830 -0.004235061 -0.000928938 -0.003741159 0.005610693 0.999976814
1341846313.686156 0.016301647 0.002079237 -0.003733877 0.000549748 -0.005800455 0.005088673 0.999970078
1341846313.721918 0.018824656 0.002943617 -0.002894561 0.000539174 -0.006608672 0.005290608 0.999963999
1341846313.753994 0.025801875 0.004776901 0.002410225 0.000147004 -0.007356799 0.006839538 0.999949515
1341846313.789969 0.027285596 0.006935622 0.003575360 0.001632565 -0.007135999 0.005039942 0.999960482
1341846313.822075 0.028873414 0.016911825 -0.003107853 0.003281701 -0.005051291 0.003940081 0.999974072
1341846313.853928 0.019777019 0.020371513 -0.001021515 0.003479765 -0.000147095 0.001654028 0.999992549
1341846313.890011 0.025092529 0.017429851 -0.008800608 0.002635727 0.001744646 0.002345330 0.999992251
1341846313.922055 0.061429810 0.017117633 -0.001315742 -0.000083608 -0.003421249 0.006031670 0.999975920
1341846313.957927 0.044896837 0.018543698 0.001768950 -0.001780094 0.005550673 0.004771398 0.999971628
1341846313.990058 0.036897402 0.021191344 0.000839057 -0.002311727 0.013728793 0.005982772 0.999885201
1341846314.022042 0.079352729 0.016697820 0.002425924 -0.006041504 0.008822734 0.008811022 0.999903977
1341846314.057816 0.089106366 0.014045969 0.010848464 -0.009791815 0.010823892 0.010574007 0.999837577
1341846314.089801 0.107882194 0.009706200 0.023080755 -0.009679109 0.014217235 0.010549795 0.999796391
1341846314.122037 0.106805399 0.019152252 0.028044898 -0.009917226 0.018525565 0.013351415 0.999690056
1341846314.157989 0.111261360 0.015661018 0.027953409 -0.012313949 0.021926194 0.014056029 0.999584913
1341846314.190094 0.135322675 0.023401925 0.012048014 -0.011205209 0.023104239 0.016685529 0.999530971
1341846314.225969 0.130012825 0.033058770 0.010870267 -0.012546813 0.026605520 0.019368555 0.999379575
1341846314.257923 0.126844674 0.032335926 0.021137882 -0.013964590 0.029780546 0.018718213 0.999283612
1341846314.290052 0.140167743 0.034155779 0.019083187 -0.012446058 0.029602520 0.017954070 0.999323010
1341846314.325981 0.148095250 0.029765332 0.018176567 -0.014473733 0.030467961 0.016187167 0.999299824
1341846314.357905 0.160426453 0.021185365 0.023382055 -0.016382458 0.032443315 0.015080582 0.999225497
1341846314.389899 0.170883983 0.019200100 0.023105603 -0.015368959 0.034119856 0.014816356 0.999189734
1341846314.427905 0.176044300 0.028617391 0.012731256 -0.013982836 0.036146179 0.013433096 0.999158382
1341846314.493987 0.188528895 0.026544251 0.023308424 -0.012716292 0.045250900 0.005934092 0.998877048
1341846314.526085 0.189074561 0.031060280 0.015350234 -0.012053871 0.048255291 0.003423555 0.998756409
1341846314.558292 0.202496588 0.029340804 0.017579781 -0.013540143 0.049902499 0.004711219 0.998651206
1341846314.594085 0.216570467 0.016320050 0.016259344 -0.013833324 0.053382773 0.003868133 0.998470783
1341846314.626096 0.208414376 0.018398602 0.003934467 -0.013562086 0.059271492 0.004883472 0.998137832
1341846314.658455 0.214927062 0.023725752 0.006550496 -0.014829010 0.060952373 0.004252036 0.998021424
1341846314.694004 0.228438526 0.016481923 0.012357997 -0.015288868 0.063725665 0.002819435 0.997846305
1341846314.725910 0.216652498 0.001270749 0.013034813 -0.012956247 0.068983845 0.008084562 0.997500837
1341846314.761942 0.218466535 0.001139899 0.009456484 -0.009522983 0.069572136 0.012592312 0.997451961
1341846314.794030 0.232781351 0.008398089 0.010955468 -0.005360893 0.070697241 0.013023019 0.997398376
1341846314.826092 0.251152486 0.019455817 0.002840169 -0.002085346 0.073173001 0.014308817 0.997214437
1341846314.862145 0.254891187 0.017198173 -0.000237405 -0.002374341 0.076852843 0.015738677 0.996915400
1341846314.894072 0.262825131 0.013474206 -0.001458600 -0.003348744 0.080338247 0.018406795 0.996592045
1341846314.925969 0.266960949 0.014192353 -0.005395990 -0.003388383 0.083071202 0.022184584 0.996290922
1341846314.961937 0.258656472 0.020073328 -0.010289323 -0.006040034 0.085617527 0.026464876 0.995958209
1341846314.994564 0.274090528 0.022569239 0.000855409 -0.008827459 0.084591031 0.025435161 0.996051967
1341846315.029900 0.293121934 0.023646297 0.001895897 -0.008751937 0.086419679 0.022442017 0.995967567
1341846315.061965 0.295815974 0.031294521 0.015088953 -0.008305820 0.088683829 0.027607439 0.995642543
1341846315.094388 0.297437340 0.031584293 0.015612341 -0.008046124 0.087995507 0.028934726 0.995668054
1341846315.129851 0.299482018 0.037382852 0.014653277 -0.005072553 0.088776000 0.026688540 0.995681047
1341846315.161941 0.326304436 0.040334862 -0.005874153 -0.008449853 0.084927335 0.033841137 0.995776474
1341846315.197984 0.322642803 0.037160281 -0.004882928 -0.015442138 0.083581127 0.028626963 0.995970011
1341846315.230076 0.322959751 0.044980843 0.008947391 -0.017208776 0.083499402 0.023238564 0.996088207
1341846315.262069 0.320089966 0.044440795 0.016420804 -0.020419065 0.081677221 0.026422175 0.996099293
1341846315.298000 0.326161474 0.035847794 0.025511280 -0.023178197 0.077738985 0.027738335 0.996318221
1341846315.329931 0.345781207 0.015705289 0.021894883 -0.021892501 0.074176088 0.030273968 0.996545076
1341846315.361981 0.340136945 0.020670706 0.018929031 -0.016319206 0.075392023 0.032610096 0.996487021
1341846315.397962 0.347942084 0.020899931 0.013539616 -0.013440668 0.075123422 0.037337761 0.996384323
1341846315.429923 0.350742579 0.020764114 0.017807364 -0.010920973 0.077152528 0.036979318 0.996273398
1341846315.466047 0.371035546 0.042362329 0.013318963 -0.007222802 0.078507997 0.040552568 0.996062160
1341846315.497883 0.370932937 0.043285191 0.023770057 -0.008093369 0.081476547 0.043982476 0.995671451
1341846315.530008 0.380014241 0.042384211 0.024329342 -0.008236212 0.081741154 0.045639925 0.995573938
1341846315.566108 0.381664872 0.041103803 0.021092094 -0.009486193 0.083328046 0.047011904 0.995367467
1341846315.597986 0.379579604 0.042166200 0.021212816 -0.009222961 0.085108809 0.044892944 0.995317042
1341846315.630109 0.384786099 0.041394513 0.020617232 -0.009128795 0.085588567 0.044847414 0.995278835
1341846315.666042 0.385158449 0.046754077 0.015018262 -0.009329385 0.087193213 0.044539373 0.995151520
1341846315.698114 0.389424384 0.053933334 0.002528206 -0.013641847 0.090253867 0.043293338 0.994883835
1341846315.733985 0.378870457 0.042906046 0.024392851 -0.017416894 0.094539471 0.043564651 0.994414985
1341846315.766041 0.376146942 0.048619110 0.026214086 -0.016264400 0.092079401 0.045538828 0.994576871
1341846315.798188 0.378929466 0.045260224 0.025689147 -0.017717194 0.091101170 0.043426085 0.994736612
1341846315.834140 0.378845394 0.039930526 0.025757156 -0.017255820 0.093245126 0.041974518 0.994608343
1341846315.866751 0.367320061 0.036012616 0.023463845 -0.015351571 0.096292615 0.040860545 0.994395554
1341846315.898492 0.368405163 0.038377181 0.028150052 -0.013745466 0.096212797 0.040822111 0.994428337
1341846315.936901 0.368346006 0.027996138 0.023010381 -0.012439402 0.097487450 0.040043145 0.994353056
1341846315.966572 0.355871171 0.030118087 0.021443881 -0.008523890 0.100103632 0.038818877 0.994182944
1341846316.034204 0.345876008 0.029848978 0.023322433 -0.004660642 0.100261778 0.037807073 0.994231582
1341846316.066113 0.338653892 0.022055864 0.023733407 -0.003310312 0.100439645 0.037323926 0.994237304
1341846316.101867 0.327461571 0.026624421 0.022253163 -0.001593702 0.099765591 0.038240813 0.994274557
1341846316.134066 0.319824487 0.031430651 0.023244355 -0.001631612 0.096921146 0.035702705 0.994650185
1341846316.202049 0.299350202 0.022179075 0.017024096 -0.002024537 0.093483023 0.031578135 0.995117903
1341846316.233979 0.295268685 0.021173866 0.008014880 -0.001860050 0.092317000 0.029079257 0.995303214
1341846316.270052 0.282458663 0.018269757 0.010685854 -0.003742844 0.094659261 0.025219264 0.995183229
1341846316.301915 0.282787889 0.009106970 0.017667301 -0.004374777 0.094876714 0.024072658 0.995188296
1341846316.334208 0.272035807 0.015927996 0.020116434 -0.001360628 0.094819002 0.025823724 0.995158613
1341846316.370006 0.262653857 0.012314451 0.014202844 0.000241023 0.094135247 0.025951542 0.995221078
1341846316.401994 0.256754279 0.014316813 0.014478937 0.002288129 0.093455203 0.028665908 0.995208085
1341846316.438069 0.261896104 0.012556146 0.018810771 0.004424133 0.091352239 0.031396315 0.995313764
1341846316.470076 0.247474700 0.006111977 0.016677395 0.008329212 0.091965050 0.033962958 0.995148003
1341846316.502034 0.240262806 0.017363209 0.006561134 0.011061366 0.089300700 0.035224020 0.995320201
1341846316.537975 0.222042292 0.018195067 0.005975883 0.008529176 0.088251330 0.032379653 0.995535314
1341846316.570121 0.216295555 0.011786232 0.005882267 0.008211312 0.087974064 0.029436311 0.995653868
1341846316.601885 0.215119630 0.006815286 0.005264565 0.009620222 0.086645365 0.029015174 0.995770156
1341846316.638009 0.203599796 0.003317343 0.006430168 0.011624575 0.085993998 0.030381553 0.995764494
1341846316.669925 0.198716581 0.004661525 0.007955953 0.014539272 0.085044794 0.028906018 0.995851636
1341846316.705941 0.196148559 -0.005572116 0.004245270 0.017455334 0.084612362 0.030509528 0.995793760
1341846316.738062 0.187286019 0.002932354 -0.001954874 0.020229340 0.084253803 0.033746146 0.995667279
1341846316.770433 0.168087915 0.005904066 -0.002232574 0.019788487 0.085442841 0.033268612 0.995590866
1341846316.805932 0.168699145 -0.010353589 0.000929879 0.018377766 0.084318414 0.032705348 0.995732427
1341846316.838029 0.157100365 0.001148756 0.004689414 0.021283552 0.083250821 0.033613928 0.995734096
1341846316.870034 0.135469168 -0.012560206 0.008675316 0.019967232 0.082054429 0.033735029 0.995856583
1341846316.906344 0.149287418 -0.006206597 0.002906622 0.021958472 0.075352915 0.033710930 0.996344984
1341846316.937940 0.133417472 0.004488115 -0.003493713 0.023518266 0.075959951 0.030990817 0.996351600
1341846316.973994 0.119119748 -0.000370408 0.000618175 0.022052808 0.075334556 0.031030905 0.996431351
1341846317.005913 0.116992176 -0.003530704 0.000918943 0.020584039 0.071618669 0.031977046 0.996706903
1341846317.037936 0.112980552 -0.014315994 0.010733610 0.019485317 0.068876535 0.030350478 0.996973038
1341846317.073972 0.105752826 -0.015228823 0.006043490 0.020785933 0.067575157 0.032552347 0.996966362
1341846317.106113 0.101446532 -0.012793213 0.004763661 0.023748102 0.065534160 0.034940444 0.996955633
1341846317.137887 0.084609427 -0.011199308 0.003166483 0.026861941 0.059842337 0.037071418 0.997157514
1341846317.173970 0.071533844 -0.010912521 -0.000114455 0.028169185 0.054517761 0.040023908 0.997312605
1341846317.205887 0.068189710 -0.009675526 -0.000165972 0.028588204 0.051242903 0.040958088 0.997436404
1341846317.248131 0.060049351 -0.013072241 0.008491937 0.029407497 0.049033232 0.042440105 0.997461677
1341846317.306289 0.053870928 -0.010916572 0.000704921 0.031216851 0.041770853 0.047001351 0.997532725
1341846317.348137 0.047842275 -0.010774332 0.001790788 0.032835182 0.043376476 0.047875028 0.997370720
1341846317.410120 0.033305436 -0.011189845 0.014826793 0.033589818 0.042952716 0.053452227 0.997080564
1341846317.442569 0.035834894 -0.021521289 0.016393133 0.035384763 0.042317502 0.056894787 0.996855140
1341846317.474010 0.023000613 -0.021117093 0.016822856 0.041032359 0.043526709 0.059726179 0.996420860
1341846317.509927 0.008250805 -0.008803063 0.008554690 0.045222841 0.041936744 0.063559487 0.996070504
1341846317.542282 0.001068979 -0.007129220 0.007761954 0.044438913 0.039273154 0.063564263 0.996214032
1341846317.573943 0.000201646 -0.016337078 0.013250826 0.043366339 0.039971218 0.062021207 0.996330798
1341846317.610159 -0.012484930 -0.020378577 0.018767925 0.045742903 0.042809874 0.062140655 0.996099114
1341846317.643553 -0.027709493 -0.016055321 0.015404995 0.048164424 0.042991765 0.064146057 0.995849967
1341846317.677993 -0.037686124 -0.021716781 0.018325919 0.048325974 0.040006869 0.066757277 0.995794892
1341846317.709996 -0.039859395 -0.020120053 0.020635236 0.051433984 0.036932971 0.067404285 0.995714366
1341846317.741834 -0.053369127 -0.011096123 0.015049993 0.052119765 0.036674179 0.065503128 0.995815158
1341846317.777923 -0.063638315 -0.016601348 0.016812457 0.049648590 0.035930932 0.064929001 0.996006131
1341846317.810021 -0.071281075 -0.019536417 0.019433495 0.049193989 0.034328803 0.063767813 0.996160209
1341846317.841886 -0.084064312 -0.013573753 0.016612522 0.049066398 0.033838104 0.060807843 0.996368349
1341846317.878017 -0.084711306 -0.015236025 0.019407017 0.046122946 0.032568101 0.056063760 0.996829391
1341846317.909910 -0.081610993 -0.018150382 0.023175020 0.045081269 0.032676414 0.053250603 0.997027695
1341846317.946031 -0.098607890 -0.020112621 0.026463052 0.046440199 0.034802884 0.054043688 0.996850729
1341846317.978041 -0.107536286 -0.021747028 0.029710932 0.048428316 0.033769343 0.054331917 0.996775985
1341846318.009897 -0.111497194 -0.020933734 0.024953730 0.050831769 0.033885408 0.052416667 0.996754944
1341846318.045949 -0.123590231 -0.015702128 0.022830291 0.051375218 0.035262246 0.050972160 0.996754229
1341846318.078074 -0.141323745 -0.024460584 0.019386411 0.049401809 0.034789771 0.048802324 0.996979177
1341846318.109894 -0.150982693 -0.022733152 0.023114292 0.049399655 0.030971017 0.046639364 0.997208714
1341846318.145957 -0.154823750 -0.020953383 0.019714324 0.048787016 0.028664175 0.043490216 0.997450113
1341846318.178001 -0.160998210 -0.026351202 0.020110270 0.047426093 0.028896172 0.040893123 0.997618914
1341846318.214074 -0.175091252 -0.029251946 0.027467772 0.048211128 0.027728694 0.040331908 0.997637272
1341846318.245970 -0.188404232 -0.029740585 0.015799338 0.052708466 0.022491015 0.043472975 0.997409701
1341846318.278018 -0.193507105 -0.025218029 0.018751033 0.056878172 0.017443839 0.043305822 0.997288942
1341846318.313937 -0.203635395 -0.025146618 0.007508347 0.058967240 0.011081063 0.044079386 0.997224689
1341846318.345989 -0.209649310 -0.025754841 0.008058816 0.060711231 0.001737924 0.042115714 0.997264922
1341846318.382046 -0.219417751 -0.024530370 0.019304283 0.062857002 -0.004213038 0.041673589 0.997143209
1341846318.414072 -0.236922994 -0.027957469 0.006695548 0.063967317 -0.009811616 0.041893013 0.997024000
1341846318.446035 -0.239334032 -0.030262621 0.016248027 0.066270933 -0.016512958 0.043053772 0.996735573
1341846318.482196 -0.243144378 -0.033981577 0.015237668 0.066147849 -0.019025555 0.041589167 0.996761143
1341846318.514144 -0.247275561 -0.036715608 0.016945204 0.065900624 -0.020772820 0.042812653 0.996690869
1341846318.546259 -0.256563038 -0.042480350 0.016089408 0.067107588 -0.021452274 0.042678099 0.996601701
1341846318.582042 -0.261467248 -0.035720535 0.014513741 0.069046773 -0.021804221 0.042559315 0.996466696
1341846318.614115 -0.277303338 -0.036349971 0.008334410 0.068469398 -0.021429408 0.041403230 0.996563375
1341846318.650038 -0.282303721 -0.039330758 0.006683277 0.067717671 -0.022305954 0.038431451 0.996714473
1341846318.682350 -0.297692090 -0.037559152 0.008719631 0.067607164 -0.021857454 0.036411863 0.996807754
1341846318.714063 -0.300768435 -0.037696984 0.009145690 0.067190185 -0.023704959 0.036146294 0.996803403
1341846318.749905 -0.309297234 -0.043172922 0.002335219 0.067663603 -0.023512134 0.037725113 0.996717453
1341846318.782036 -0.329797566 -0.031533632 0.016804444 0.070849396 -0.022543989 0.038294636 0.996496677
1341846318.814121 -0.346281826 -0.034351248 0.013910126 0.070655696 -0.027021874 0.037099205 0.996444285
1341846318.850072 -0.350059241 -0.037877597 0.010132367 0.070796870 -0.033494573 0.034807488 0.996320367
1341846318.883516 -0.368720859 -0.031067919 0.031677015 0.074440047 -0.038796607 0.030460492 0.996004820
1341846318.918047 -0.418500394 -0.050463103 0.025541790 0.074058086 -0.045386329 0.029306285 0.995789468
1341846318.950044 -0.425765455 -0.051770516 0.033968315 0.076211564 -0.054789629 0.025295950 0.995263815
1341846318.982028 -0.437486708 -0.048303712 0.028439146 0.077943593 -0.057999380 0.021475583 0.995037496
1341846319.018123 -0.429088414 -0.049580768 0.035684317 0.077052876 -0.066462301 0.024508484 0.994507372
1341846319.050745 -0.443433315 -0.066511713 0.008599952 0.076658010 -0.071574941 0.020214980 0.994279563
1341846319.081905 -0.442691267 -0.058682937 0.007463202 0.083387218 -0.071574815 0.019153524 0.993758917
1341846319.117976 -0.457862884 -0.057629794 0.004484214 0.085507832 -0.070743322 0.025120500 0.993505299
1341846319.150093 -0.462682784 -0.059489839 0.019247375 0.087125868 -0.075786814 0.031742197 0.992803037
1341846319.186069 -0.446527809 -0.045052916 0.019774392 0.089567341 -0.078960590 0.032870203 0.992301583
1341846319.218149 -0.455145419 -0.024523206 0.012962237 0.087638833 -0.072895892 0.029462218 0.993044615
1341846319.250034 -0.432905823 -0.016586715 0.019719016 0.083730437 -0.072072163 0.032223437 0.993356168
1341846319.286594 -0.451058805 -0.019385561 0.015101381 0.082370326 -0.067959882 0.035394888 0.993651748
1341846319.318034 -0.453405350 -0.028502941 0.015281897 0.081653990 -0.067806058 0.040231425 0.993537307
1341846319.350268 -0.472427934 -0.027400235 0.006794725 0.082733676 -0.066503972 0.045269471 0.993319213
1341846319.386163 -0.503373921 -0.029413383 0.007008657 0.085413605 -0.068636023 0.050602764 0.992689788
1341846319.418386 -0.485517979 -0.031181980 0.005585000 0.085217685 -0.076570004 0.053991318 0.991947532
1341846319.453961 -0.493202269 -0.021026298 -0.011006981 0.087381996 -0.077446505 0.048707023 0.991964757
1341846319.486271 -0.508376002 -0.018913750 -0.007979386 0.086489640 -0.077357173 0.048347887 0.992067456
1341846319.554083 -0.526084304 -0.014420411 0.009671114 0.082631230 -0.083593272 0.044868909 0.992053926
1341846319.586296 -0.535633862 -0.024055570 -0.004647978 0.081333995 -0.082673348 0.043031443 0.992319584
1341846319.622031 -0.551220834 -0.026715841 -0.024462678 0.079110675 -0.085233025 0.039512672 0.992429078
1341846319.653962 -0.547271848 -0.036767405 -0.001354307 0.077365257 -0.091907576 0.039427839 0.991974294
1341846319.686352 -0.558230758 -0.041450404 -0.004357971 0.078456320 -0.095159017 0.041290872 0.991506100
1341846319.721992 -0.572200775 -0.030077685 -0.013482220 0.080583237 -0.098282978 0.041382916 0.991026819
1341846319.754063 -0.572229624 -0.018332820 -0.013257012 0.077779628 -0.101347633 0.041176312 0.990950763
1341846319.786397 -0.574888945 -0.023136953 -0.009842731 0.073145092 -0.101601936 0.045951150 0.991067767
1341846319.822008 -0.587518394 -0.013605202 -0.002685010 0.071436018 -0.101933368 0.050135475 0.990955532
1341846319.853917 -0.587990463 -0.016953157 -0.006801687 0.065617345 -0.103000604 0.053391304 0.991077483
1341846319.889942 -0.595636785 -0.029312283 0.004522294 0.061953355 -0.103422679 0.059466645 0.990923405
1341846319.922039 -0.608480513 -0.043082625 -0.013956435 0.059976593 -0.106461443 0.058579020 0.990776062
1341846319.953946 -0.594480038 -0.036465846 0.004234016 0.061987802 -0.115012482 0.054689396 0.989918530
1341846319.990054 -0.600903034 -0.032668695 0.008845180 0.065291166 -0.117185242 0.048873249 0.989755571
1341846320.028122 -0.603892148 -0.037149701 0.005997911 0.066723399 -0.121083982 0.048556630 0.989206195
1341846320.090047 -0.585275173 -0.020330044 0.002318338 0.073594086 -0.129328564 0.048387498 0.987682462
1341846320.122011 -0.576226592 -0.020843152 0.008416280 0.073922440 -0.127588063 0.049669269 0.987820685
1341846320.157952 -0.563997149 -0.027874324 0.002697214 0.073333837 -0.125607729 0.050869647 0.988057256
1341846320.190003 -0.552412152 -0.028807700 0.003367811 0.076559059 -0.121931888 0.048847184 0.988375068
1341846320.221941 -0.549293697 -0.029168501 0.005742386 0.080677912 -0.118287906 0.049707592 0.988447368
1341846320.258015 -0.541033626 -0.037733234 0.008513637 0.083603851 -0.117638186 0.052389730 0.988143206
1341846320.289887 -0.522091389 -0.049595684 0.007749140 0.088138692 -0.119716316 0.054726906 0.987372577
1341846320.321954 -0.517343760 -0.044214886 0.000118017 0.097476259 -0.119919844 0.052174155 0.986608088
1341846320.357890 -0.501315117 -0.025076145 0.015545897 0.104882590 -0.120236494 0.052476577 0.985793591
1341846320.390064 -0.477796406 -0.031097200 -0.000407919 0.105399542 -0.117008381 0.053953726 0.986047149
1341846320.426544 -0.455309749 -0.042627141 0.013882779 0.106246896 -0.109606080 0.050511349 0.986988664
1341846320.458122 -0.450462490 -0.038353324 0.013139091 0.108136788 -0.102460571 0.047505792 0.987700105
1341846320.490186 -0.431801528 -0.054022431 0.000657380 0.109703086 -0.094529301 0.048654158 0.988262236
1341846320.525911 -0.425197810 -0.038179249 0.013440289 0.115316391 -0.088314407 0.045129299 0.988365352
1341846320.558091 -0.422607422 -0.040913612 0.015475079 0.115808249 -0.083942257 0.042467996 0.988806665
1341846320.594093 -0.390422970 -0.038877741 0.015367590 0.117950685 -0.079926305 0.037070677 0.989103198
1341846320.631955 -0.393968582 -0.036329888 0.023020424 0.120165356 -0.071726546 0.038067032 0.989427328
1341846320.664916 -0.385094672 -0.038220078 0.023643680 0.119784169 -0.069316454 0.036348835 0.989709914
1341846320.699927 -0.363032103 -0.041621860 0.018099256 0.119575962 -0.067123964 0.034576703 0.989949703
1341846320.731822 -0.337025881 -0.037486836 0.023270413 0.122003473 -0.061875425 0.036548823 0.989924610
1341846320.763877 -0.346898526 -0.004518297 0.011964634 0.121924363 -0.060107350 0.033627197 0.990146816
1341846320.799999 -0.323845387 -0.028518420 0.020517673 0.113033481 -0.062079553 0.030837411 0.991170287
1341846320.831871 -0.273813605 -0.038017176 0.019766457 0.114404425 -0.052696329 0.026611077 0.991678655
1341846320.863887 -0.341901004 -0.013384691 0.021279275 0.113978110 -0.039005388 0.025807215 0.992381752
1341846320.900014 -0.313486934 -0.024435205 0.017707827 0.107577801 -0.046390157 0.031238968 0.992622316
1341846320.931889 -0.278456032 -0.040762942 0.026071332 0.106958427 -0.047745284 0.029244436 0.992685795
1341846320.967866 -0.284960687 -0.006924225 0.015319489 0.109199703 -0.041205872 0.026307413 0.992816925
1341846321.000017 -0.277205646 -0.013898684 0.021285703 0.102729909 -0.041658171 0.025401324 0.993511915
1341846321.031860 -0.263661265 -0.027330039 0.015248578 0.099760041 -0.040655565 0.022949159 0.993915677
1341846321.068047 -0.263323575 -0.012038282 0.010940010 0.101584136 -0.036155898 0.019664407 0.993975222
1341846321.099840 -0.248313487 -0.020456463 0.025268881 0.098252729 -0.035890970 0.021960828 0.994271576
1341846321.131821 -0.228496537 -0.033369441 0.019214017 0.097693004 -0.034970291 0.022747453 0.994341850
1341846321.167887 -0.218507066 -0.027976124 0.021808030 0.100679569 -0.031586833 0.023168050 0.994147420
1341846321.200042 -0.213824570 -0.022491038 0.023418546 0.101487316 -0.028917456 0.023484467 0.994139135
1341846321.231950 -0.207156062 -0.027162045 0.015502593 0.100697286 -0.027576735 0.021201583 0.994308829
1341846321.267939 -0.188259900 -0.023976475 0.002433237 0.101048902 -0.026175627 0.016554944 0.994399250
1341846321.299948 -0.179217756 -0.027004596 0.010435386 0.099582158 -0.021958463 0.010358906 0.994733095
1341846321.331858 -0.179988727 -0.026900776 0.018807862 0.100146942 -0.018430440 0.006078072 0.994783342
1341846321.367913 -0.157509148 -0.038470510 0.008409255 0.100674853 -0.016635668 0.002140746 0.994777977
1341846321.399897 -0.152325600 -0.034029387 0.014958263 0.102761880 -0.011733406 0.001596615 0.994635463
1341846321.435994 -0.149282098 -0.037205350 0.021171559 0.104325369 -0.008052665 0.001275574 0.994509816
1341846321.467946 -0.138335600 -0.036549438 0.022517694 0.106099516 -0.005841671 0.002601673 0.994334936
1341846321.499882 -0.126343697 -0.034788471 0.018531382 0.107513875 -0.002933737 0.001829914 0.994197547
1341846321.536109 -0.102355547 -0.024537176 0.007129756 0.107604548 0.001576793 -0.001707902 0.994190991
1341846321.568960 -0.112812839 -0.017477524 0.025343614 0.104947209 0.009240725 -0.004238722 0.994425774
1341846321.603938 -0.106558330 -0.024233079 0.023242075 0.101216085 0.011577246 -0.004543922 0.994786680
1341846321.637163 -0.061137486 -0.016870197 0.010822061 0.098963492 0.013773352 -0.002838332 0.994991720
1341846321.668306 -0.076452717 -0.009881310 0.037876040 0.095647261 0.023752373 -0.000581702 0.995131671
1341846321.704411 -0.097796865 -0.016368061 0.045388393 0.091748349 0.027006621 0.007059857 0.995390892
1341846321.736861 -0.084462337 -0.015532201 0.037606437 0.090900227 0.024075847 0.015109277 0.995454252
1341846321.771881 -0.064496323 0.001628645 0.043060839 0.089329101 0.022761533 0.020857695 0.995523572
1341846321.804114 -0.057036601 -0.006455715 0.043250654 0.084232859 0.025000619 0.024052044 0.995841980
1341846321.836152 -0.059143402 0.001247106 0.049753878 0.081627563 0.027926194 0.023464506 0.995995224
1341846321.871882 -0.055735216 0.007139682 0.049872335 0.076537810 0.029280316 0.020023566 0.996435463
1341846321.904074 -0.050095219 0.001742458 0.044267382 0.069600746 0.030565370 0.016605241 0.996968269
1341846321.939847 -0.042117283 -0.001495627 0.049382746 0.065674990 0.032894634 0.014818455 0.997188628
1341846322.004094 -0.050085168 -0.005830006 0.055442501 0.058724880 0.031600248 0.014345506 0.997670770
1341846322.066178 -0.030697461 -0.014712856 0.052384242 0.053345803 0.035395056 0.012358955 0.997872055
1341846322.107979 -0.032139119 -0.031039057 0.056410775 0.050685089 0.037429109 0.010468077 0.997958124
1341846322.166164 -0.033271607 -0.052041728 0.053071275 0.053611416 0.037453990 0.010759688 0.997801185
1341846322.202932 -0.030313477 -0.054440834 0.053065713 0.055241507 0.034713712 0.011062318 0.997808099
1341846322.234093 -0.036211215 -0.057618830 0.046865702 0.054307655 0.034024674 0.007225102 0.997918189
1341846322.265941 -0.030216575 -0.069028236 0.053308878 0.051229674 0.030227924 0.009250502 0.998186469
1341846322.301996 -0.025546562 -0.083914548 0.044705410 0.049309425 0.028747302 0.008895270 0.998330116
1341846322.333949 -0.034472622 -0.097608045 0.047489502 0.048209228 0.027295798 0.010010313 0.998414040
1341846322.369871 -0.017985722 -0.107558474 0.052264277 0.049501866 0.020444289 0.007332489 0.998537838
1341846322.402292 -0.018906755 -0.125454664 0.047905795 0.050446875 0.023385139 0.000921975 0.998452485
1341846322.433955 -0.033640426 -0.149404645 0.051115997 0.054528859 0.025885439 -0.003405778 0.998170793
1341846322.470030 -0.028999133 -0.160235986 0.040712323 0.062604710 0.020944253 0.001923569 0.997816741
1341846322.502433 -0.011343664 -0.178618282 0.048633900 0.068029642 0.016431317 0.006223170 0.997528553
1341846322.534002 -0.007155335 -0.187864900 0.051615790 0.077592738 0.016127130 0.005453128 0.996839762
1341846322.570196 -0.007749802 -0.198835135 0.050326366 0.086639702 0.015851205 0.007486518 0.996085465
1341846322.601920 -0.017648477 -0.199192584 0.050008003 0.093070120 0.014071914 0.010382826 0.995505929
1341846322.638119 -0.000889428 -0.217363253 0.059250761 0.097958483 0.009537288 0.010118602 0.995093346
1341846322.669947 0.008195380 -0.218513936 0.053409450 0.103196621 0.012359887 0.009262065 0.994541049
1341846322.702026 -0.002718641 -0.234921604 0.052956540 0.105345435 0.014469305 0.011656241 0.994262040
1341846322.738006 -0.002442559 -0.230687454 0.054349441 0.107554086 0.012030217 0.012733252 0.994044900
1341846322.770087 0.006977742 -0.252475858 0.057282131 0.106668502 0.012152450 0.013262391 0.994131863
1341846322.806047 0.002222486 -0.264152050 0.055935517 0.110382818 0.011993757 0.015099678 0.993702054
1341846322.838063 -0.000941346 -0.273160398 0.066579044 0.111587211 0.007543667 0.016168358 0.993594468
1341846322.870081 0.005674890 -0.289090812 0.070671745 0.113154061 0.002193127 0.016602762 0.993436337
1341846322.906018 0.019937236 -0.292743057 0.072123200 0.118268996 -0.000391848 0.017158108 0.992833257
1341846322.938349 0.016419021 -0.277683407 0.076216608 0.119914569 0.000787835 0.017755559 0.992625117
1341846322.970069 0.016281135 -0.284772515 0.067262858 0.114630744 0.000701005 0.020101586 0.993204534
1341846323.011820 0.019599339 -0.300457627 0.071931146 0.111618698 0.000898702 0.020465894 0.993539929
1341846323.073951 0.017174706 -0.300588995 0.073413596 0.109089218 0.000974028 0.025155621 0.993713140
1341846323.105962 0.018526806 -0.322216839 0.077235803 0.105418935 0.001126077 0.024840368 0.994117022
1341846323.138158 0.018873606 -0.320491433 0.078338683 0.106431514 0.001033818 0.021172795 0.994094074
1341846323.174092 0.017165761 -0.322684467 0.078519493 0.104410976 0.000494041 0.020184567 0.994329274
1341846323.206059 0.026833039 -0.330900580 0.080392815 0.101220608 -0.000599271 0.017891705 0.994702935
1341846323.238053 0.033569340 -0.332356781 0.079761729 0.098862320 0.001788660 0.016367260 0.994964898
1341846323.273997 0.012522326 -0.331959784 0.074825972 0.095120817 0.003752139 0.016620595 0.995319903
1341846323.305946 0.019685136 -0.344983876 0.080551431 0.089343898 -0.000916207 0.018128430 0.995835423
1341846323.342027 0.045712192 -0.362804979 0.084931925 0.086703032 -0.000713862 0.016595554 0.996095717
1341846323.374048 0.022695784 -0.367582917 0.088088214 0.087187797 0.004037381 0.018251119 0.996016562
1341846323.405987 0.008961400 -0.376542270 0.083645716 0.087362900 0.000949692 0.022542182 0.995921016
1341846323.441956 0.023431942 -0.388728738 0.086300492 0.088117167 -0.004117763 0.024700742 0.995795310
1341846323.473878 0.025562592 -0.404275537 0.085889041 0.091553025 -0.002694313 0.022973131 0.995531559
1341846323.506129 0.019400666 -0.393949956 0.084332250 0.094914705 -0.002375368 0.020709842 0.995267153
1341846323.541972 0.031966083 -0.394770533 0.081137277 0.093666159 -0.003409832 0.018492462 0.995426118
1341846323.573913 0.051317457 -0.412012219 0.069467142 0.092591219 0.000045568 0.012659591 0.995623708
1341846323.609927 0.033719026 -0.412531257 0.072097600 0.093399756 0.007277214 0.008674913 0.995564282
1341846323.642014 0.020250242 -0.421197474 0.068396427 0.092254907 0.009712826 0.009422943 0.995643437
1341846323.674081 0.021045767 -0.433788925 0.072272785 0.091939397 0.007704164 0.012077058 0.995661557
1341846323.710069 0.024774039 -0.456494153 0.075479493 0.092314333 0.006178082 0.016932962 0.995566785
1341846323.742111 0.023806624 -0.466989815 0.075330101 0.096890718 0.004378616 0.017184107 0.995137036
1341846323.774928 0.025094099 -0.462713927 0.075651459 0.100766301 0.002017674 0.014708184 0.994799376
1341846323.810012 0.025429722 -0.465719938 0.070342168 0.102014266 0.000868876 0.010972541 0.994722009
1341846323.842207 0.028878946 -0.472796023 0.068449207 0.103233367 0.000716586 0.005428132 0.994642079
1341846323.878019 0.021374576 -0.484074265 0.068131857 0.103681333 0.000358116 0.001689951 0.994608998
1341846323.909826 0.028326996 -0.495110273 0.069102816 0.106768705 -0.001911108 -0.001948485 0.994280100
1341846323.942459 0.019209320 -0.494329512 0.065717846 0.110931210 -0.001006094 -0.003198474 0.993822455
1341846323.978055 0.017519785 -0.482121170 0.070069082 0.115515903 -0.004090124 -0.000667013 0.993296981
1341846324.015934 0.021044677 -0.500983238 0.064912684 0.116958462 -0.005936658 -0.001770865 0.993117511
1341846324.047722 0.023229454 -0.493131250 0.061043434 0.120558836 -0.004450391 -0.003044218 0.992691517
1341846324.083904 0.022429718 -0.479118645 0.059566110 0.121208258 -0.002985921 -0.003095609 0.992617786
1341846324.115968 0.024377607 -0.477448523 0.063665040 0.119034894 -0.001450057 -0.004995249 0.992876410
1341846324.151967 0.033327274 -0.470270991 0.059695400 0.118860289 0.000718351 -0.009815446 0.992862225
1341846324.183941 0.026846247 -0.458294511 0.061345018 0.116138965 0.005348173 -0.012819325 0.993135870
1341846324.219984 0.023443209 -0.451257974 0.069245949 0.112363815 0.006920659 -0.012079856 0.993569613
1341846324.251968 0.021832177 -0.451322049 0.073632725 0.111804269 0.007020025 -0.012803443 0.993622959
1341846324.284052 0.017191738 -0.439714581 0.072554842 0.112315722 0.006376931 -0.013730142 0.993557215
1341846324.319880 0.013799960 -0.419424415 0.075787470 0.112138443 0.003311163 -0.013823354 0.993590951
1341846324.351917 0.016532484 -0.401582837 0.075812593 0.109133959 -0.000252925 -0.015006036 0.993913770
1341846324.388001 0.027402762 -0.396202743 0.078784019 0.104904719 -0.000839746 -0.018900106 0.994302273
1341846324.419908 0.025081886 -0.377976030 0.078237936 0.100768387 0.001402350 -0.020833937 0.994690776
1341846324.452027 0.022196345 -0.378513992 0.085304640 0.095930934 0.001624165 -0.020541538 0.995174706
1341846324.487928 0.016426504 -0.373073637 0.090806805 0.094381593 0.001846861 -0.018247738 0.995367110
1341846324.519985 0.008646691 -0.360404491 0.087230384 0.093225420 -0.000136690 -0.014065163 0.995545685
1341846324.556001 0.009212526 -0.344986111 0.087398037 0.091470532 -0.005478343 -0.009965784 0.995742857
1341846324.587888 0.006128991 -0.331947237 0.089017227 0.088049822 -0.007997884 -0.007955132 0.996052206
1341846324.620086 0.009224329 -0.329300255 0.089784637 0.085670754 -0.010772428 -0.010855296 0.996206105
1341846324.655955 0.007811845 -0.311104983 0.084756225 0.085336700 -0.011255461 -0.010696281 0.996231139
1341846324.688082 0.004579046 -0.310770035 0.086646676 0.084219441 -0.010824969 -0.009529168 0.996342838
1341846324.755922 -0.006261260 -0.276515812 0.090190947 0.085728467 -0.013970776 -0.005728404 0.996204078
1341846324.814016 0.003111784 -0.239705190 0.082644254 0.081227049 -0.019323055 -0.009383460 0.996464133
1341846324.849979 -0.006883052 -0.230778426 0.092859775 0.075427867 -0.015562307 -0.011604970 0.996962249
1341846324.881924 -0.014896469 -0.227987632 0.099122986 0.072082058 -0.016528253 -0.011425052 0.997196317
1341846324.913902 -0.004066401 -0.218579292 0.095863335 0.071300991 -0.019174185 -0.008125581 0.997237384
1341846324.949999 -0.012414420 -0.218571797 0.102390170 0.071768068 -0.018226957 -0.005392545 0.997240186
1341846324.981922 -0.009403237 -0.212810412 0.103179649 0.076385736 -0.022136023 -0.000526663 0.996832430
1341846325.018013 -0.016082544 -0.201468289 0.102082424 0.080564179 -0.026497900 0.001289286 0.996396303
1341846325.050079 -0.022234106 -0.191379249 0.091912396 0.081583776 -0.031005457 -0.000882108 0.996183693
1341846325.081901 -0.026240233 -0.169248074 0.092422396 0.081609651 -0.035399403 -0.003404565 0.996029675
1341846325.118531 -0.013113084 -0.150188759 0.089519218 0.078119472 -0.037911169 -0.004475191 0.996212840
1341846325.149933 -0.014349020 -0.152028620 0.093503885 0.071969986 -0.035431985 -0.006334934 0.996757150
1341846325.181925 -0.016124334 -0.150988221 0.095714621 0.067882732 -0.034530539 -0.002693949 0.997091889
1341846325.218055 -0.018291913 -0.143777102 0.097379923 0.065381050 -0.034065329 0.000598207 0.997278571
1341846325.249811 -0.019638333 -0.134139806 0.104182608 0.063466661 -0.034397729 0.004923840 0.997378826
1341846325.285925 -0.013885733 -0.122153468 0.099683262 0.061460018 -0.035530746 0.007959376 0.997445166
1341846325.317988 -0.009983701 -0.125069991 0.105681688 0.058717832 -0.032458998 0.009877876 0.997697890
1341846325.349844 -0.015176285 -0.122717388 0.110083662 0.062546536 -0.027394336 0.011063051 0.997604668
1341846325.387302 -0.012790087 -0.110766947 0.112912685 0.067371249 -0.025054384 0.013959349 0.997315645
1341846325.417931 -0.005204448 -0.104662195 0.110962734 0.069944859 -0.019838750 0.017297817 0.997203529
1341846325.450747 0.008794458 -0.113768250 0.108236775 0.073816910 -0.013471402 0.019639520 0.996987402
1341846325.485954 -0.014717188 -0.093457967 0.120888196 0.083328903 -0.004547675 0.020568952 0.996299386
1341846325.517875 -0.015437127 -0.087072104 0.116911039 0.086418949 -0.002121779 0.023652844 0.995975792
1341846325.553859 -0.015748659 -0.082181007 0.120649196 0.089314692 0.001478956 0.022960490 0.995737672
1341846325.585855 -0.019405518 -0.058466531 0.120831884 0.092783950 0.004416543 0.021141311 0.995451987
1341846325.617990 -0.021253973 -0.039135098 0.121511497 0.090133034 0.006140858 0.020733224 0.995694995
1341846325.653982 -0.020773798 -0.059985936 0.123474859 0.085596472 0.007731558 0.016632326 0.996161044
1341846325.685819 -0.021775987 -0.056024149 0.125160664 0.091347829 0.009196018 0.018761843 0.995599806
1341846325.717857 -0.025410764 -0.041089311 0.130668402 0.095904604 0.010297578 0.026110802 0.994994700
1341846325.754083 -0.028280724 -0.043478977 0.130265340 0.098415308 0.010414947 0.030044422 0.994637251
1341846325.786087 -0.027216429 -0.030924831 0.130612373 0.105982728 0.010987778 0.030838853 0.993828893
1341846325.821856 -0.027148733 -0.017023830 0.131371245 0.109530419 0.012745381 0.032721438 0.993362963
1341846325.853827 -0.035334043 -0.012180002 0.135656118 0.109916247 0.013723047 0.036484666 0.993176222
1341846325.885958 -0.047258846 0.003392797 0.131113410 0.111065894 0.012110032 0.041933130 0.992854118
1341846325.921984 -0.037599225 0.006175304 0.140725255 0.109801859 0.006928625 0.046554610 0.992838442
1341846325.953899 -0.030510496 0.008724175 0.136690795 0.112502858 0.007357034 0.047982790 0.992464900
1341846325.985823 -0.032674361 0.019719416 0.140181214 0.115335971 0.010176648 0.052549534 0.991883337
1341846326.021991 -0.035920508 0.025134511 0.143374279 0.118537523 0.010209606 0.059066877 0.991138637
1341846326.054055 -0.035581321 0.036139108 0.144188493 0.123522639 0.009800296 0.061632130 0.990377486
1341846326.089984 -0.027436331 0.050257135 0.145295620 0.125648543 0.011021334 0.060299419 0.990179241
1341846326.121822 -0.029600758 0.064185292 0.149585947 0.125951007 0.015124890 0.058702249 0.990182638
1341846326.154079 -0.036023874 0.067426682 0.156521499 0.126495808 0.017947238 0.056550235 0.990191281
1341846326.190178 -0.031784002 0.081571467 0.160950765 0.129361540 0.016387736 0.060120452 0.989637554
1341846326.222162 -0.038459912 0.095595166 0.161647215 0.128190339 0.015236019 0.067195065 0.989353299
1341846326.259181 -0.044776246 0.109433092 0.163336575 0.125869095 0.013510837 0.068541571 0.989583969
1341846326.322766 -0.037161868 0.133739859 0.170961946 0.118821584 0.012221952 0.067722715 0.990527987
1341846326.359773 -0.034926884 0.135927245 0.170618907 0.114368349 0.013694503 0.066529810 0.991113603
1341846326.392109 -0.037107520 0.124372080 0.171007618 0.111670680 0.016392056 0.067373738 0.991323233
1341846326.423985 -0.040550146 0.143787652 0.179191455 0.118489362 0.017154602 0.072425231 0.990161896
1341846326.459869 -0.044790901 0.156841502 0.183776587 0.120250516 0.014479279 0.075394578 0.989770591
1341846326.526163 -0.025363024 0.190472558 0.187832519 0.120691843 0.014435044 0.075203136 0.989732027
1341846326.560211 -0.022649121 0.196630061 0.193268567 0.115515724 0.017570594 0.075549044 0.990272522
1341846326.591828 -0.022839237 0.194795266 0.190209195 0.111178629 0.019540764 0.077593423 0.990573883
1341846326.627027 -0.018039834 0.207294747 0.191714689 0.111224450 0.020796029 0.076640338 0.990617394
1341846326.658442 -0.024614360 0.227332294 0.196368396 0.109935537 0.025547391 0.074599877 0.990805924
1341846326.694856 -0.030751985 0.240432084 0.203781337 0.106523849 0.029091254 0.076171458 0.990961254
1341846326.726206 -0.034453824 0.260723084 0.204269260 0.101407602 0.030788118 0.072467215 0.991724312
1341846326.762753 -0.028116703 0.272842288 0.198572651 0.095597975 0.032807723 0.070466936 0.992380500
1341846326.826821 -0.036322884 0.306474149 0.212594241 0.081218146 0.039354391 0.065265425 0.993778288
1341846326.858887 -0.037607212 0.309238642 0.215810776 0.073161259 0.040772881 0.064580865 0.994391441
1341846326.895360 -0.041165572 0.306507558 0.225605458 0.071047634 0.040403415 0.066138208 0.994457424
1341846326.926897 -0.050401270 0.314630687 0.228869677 0.072909430 0.037453506 0.067995824 0.994312823
1341846326.958888 -0.042967886 0.329026371 0.227354765 0.075561889 0.034596007 0.070741221 0.994026721
1341846326.994594 -0.041611232 0.343454391 0.223965406 0.076691270 0.035119362 0.072249807 0.993813396
1341846327.026301 -0.039696030 0.361940444 0.221489668 0.075491793 0.036041655 0.071541950 0.993923366
1341846327.063945 -0.038289666 0.366457015 0.225883499 0.072130151 0.038318284 0.068642512 0.994292259
1341846327.094662 -0.038342059 0.357255071 0.229317293 0.068795487 0.040797573 0.067913540 0.994480014
1341846327.128901 -0.043527741 0.365495384 0.233474597 0.067842521 0.041494541 0.066429384 0.994616866
1341846327.161940 -0.039691150 0.378593266 0.230968624 0.067024760 0.039611157 0.066110812 0.994770348
1341846327.193867 -0.030327743 0.385313302 0.235459387 0.066061899 0.040325083 0.064348787 0.994921565
1341846327.229885 -0.029578216 0.400052309 0.236264259 0.067280963 0.043531604 0.062455021 0.994825423
1341846327.262014 -0.024698636 0.409727961 0.246663928 0.066741273 0.048151791 0.059037175 0.994857609
1341846327.294023 -0.026283892 0.426443756 0.215434179 0.070754379 0.060666017 0.053357393 0.994216502
1341846327.330015 -0.034978312 0.445412815 0.188337907 0.072433271 0.070955649 0.048991863 0.993639052
1341846327.361939 -0.030770170 0.450886995 0.239327252 0.069416560 0.076093972 0.044267550 0.993695855
1341846327.393887 -0.028096354 0.464460492 0.245548949 0.068841137 0.077948704 0.037981644 0.993852258
1341846327.429966 -0.040172152 0.513386786 0.250642538 0.072593354 0.078850903 0.042502437 0.993330896
1341846327.461965 -0.053724509 0.521958411 0.254118472 0.063694634 0.076007418 0.041257311 0.994215131
1341846327.497931 -0.038936000 0.535062373 0.257214308 0.058900099 0.072045870 0.039960526 0.994858444
1341846327.530068 -0.040640295 0.543438911 0.271049738 0.057845745 0.073098242 0.042476948 0.994739294
1341846327.561895 -0.045681532 0.559709013 0.284875512 0.057515692 0.071022101 0.048525266 0.994632125
1341846327.598010 -0.046487980 0.562609255 0.284412920 0.058481999 0.067875579 0.053114753 0.994561017
1341846327.629945 -0.049520303 0.557683349 0.283831239 0.056028210 0.063407205 0.049969211 0.995160043
1341846327.662003 -0.049249079 0.561929822 0.284882665 0.054855507 0.060244210 0.044183910 0.995695412
1341846327.697919 -0.047285251 0.580319703 0.283289909 0.058515728 0.059054423 0.044687077 0.995535791
1341846327.730075 -0.049297914 0.609876871 0.287993252 0.056418698 0.058028519 0.046313934 0.995642841
1341846327.766017 -0.048202898 0.615891337 0.281707525 0.050721128 0.057012323 0.048483461 0.995904744
1341846327.797917 -0.046601534 0.639546514 0.288974404 0.047586858 0.056111902 0.050735619 0.995998383
1341846327.830054 -0.047315758 0.643827379 0.288886160 0.040157177 0.055588167 0.051142376 0.996334195
1341846327.865944 -0.042792507 0.652011573 0.286521941 0.035594519 0.056370042 0.050282996 0.996507466
1341846327.898010 -0.046918981 0.664733171 0.298384190 0.033892948 0.057941806 0.051356133 0.996421874
1341846327.929991 -0.047472909 0.676550508 0.297670633 0.029720062 0.056327410 0.049698532 0.996731639
1341846327.966065 -0.045894548 0.681865692 0.294432461 0.025104748 0.056201972 0.047588959 0.996968627
1341846327.998073 -0.045397155 0.690261006 0.296589196 0.018520514 0.057019118 0.044394102 0.997213602
1341846328.034045 -0.045017920 0.695812702 0.297872245 0.012674918 0.057947081 0.042768709 0.997322619
1341846328.065993 -0.047143012 0.697938383 0.293958992 0.006899186 0.059086137 0.042610016 0.997319221
1341846328.098045 -0.051321719 0.681322277 0.294552922 0.003886079 0.060003739 0.043471012 0.997243583
1341846328.133967 -0.048130315 0.683708549 0.296728373 0.007559050 0.058748551 0.046605926 0.997155666
1341846328.166023 -0.051034510 0.679671288 0.295192480 0.007270713 0.055767097 0.048471857 0.997240007
1341846328.198018 -0.047066145 0.663802743 0.291989684 0.005822299 0.052750703 0.045491647 0.997554004
1341846328.234044 -0.045589652 0.649682403 0.288277209 0.007889792 0.051278304 0.043638423 0.997699380
1341846328.265899 -0.050958574 0.635839105 0.285425544 0.009590083 0.050166484 0.044371940 0.997708619
1341846328.302051 -0.047359977 0.623023629 0.278563738 0.011726751 0.049274992 0.044613246 0.997719467
1341846328.333917 -0.045911133 0.608844638 0.275228441 0.015212977 0.049057391 0.048135512 0.997519374
1341846328.366008 -0.053781964 0.580288529 0.275467902 0.018305300 0.050262541 0.043390740 0.997625113
1341846328.402010 -0.053361952 0.559596956 0.276667267 0.029378988 0.052417241 0.044348422 0.997207344
1341846328.433920 -0.054260775 0.533491611 0.269682169 0.033305857 0.050851371 0.045474213 0.997114301
1341846328.470003 -0.046894945 0.509317577 0.260153592 0.031827111 0.048956353 0.038962975 0.997533023
1341846328.502194 -0.042103469 0.484690011 0.258876801 0.033030149 0.050299119 0.031873807 0.997678816
1341846328.534033 -0.037599683 0.465093672 0.257617474 0.033895373 0.052670103 0.029002987 0.997615039
1341846328.570125 -0.043944776 0.432782024 0.256992370 0.034251802 0.054988354 0.026995571 0.997534096
1341846328.602804 -0.043924443 0.404457718 0.250118613 0.039718680 0.048356920 0.033724364 0.997470140
1341846328.672663 -0.034614779 0.370715678 0.258062363 0.050296843 0.034150992 0.031353630 0.997657657
1341846328.702975 -0.026757464 0.352596939 0.248942256 0.051967174 0.030167144 0.031297348 0.997702241
1341846328.770129 -0.018011395 0.317055911 0.237066165 0.059787318 0.026775019 0.027873000 0.997462630
1341846328.802331 -0.018655432 0.302022606 0.232103676 0.060880542 0.024266729 0.027050702 0.997483313
1341846328.838051 -0.011887901 0.284150600 0.229448378 0.064231724 0.021548897 0.025084006 0.997386932
1341846328.869939 -0.017123397 0.295697480 0.224720240 0.066429108 0.021739725 0.021848915 0.997314990
1341846328.904486 -0.018651618 0.271264941 0.224404857 0.060675666 0.018945772 0.021225387 0.997751951
1341846328.939814 -0.008359345 0.250231326 0.217508376 0.063688152 0.015555411 0.020649079 0.997634888
1341846328.970217 -0.013605003 0.244051591 0.220753834 0.067791641 0.014482467 0.024012120 0.997305334
1341846329.006232 -0.013178319 0.230168104 0.215310931 0.068055443 0.012123636 0.029372929 0.997175336
1341846329.038243 -0.002226181 0.210549861 0.201788619 0.070984647 0.009651446 0.030060353 0.996977627
1341846329.106125 -0.001396591 0.207854509 0.199625313 0.074508965 0.009517737 0.028402215 0.996770382
1341846329.138340 0.004606174 0.190311164 0.193567529 0.075498581 0.008174117 0.027415797 0.996735454
1341846329.169991 0.009447841 0.185722873 0.188135430 0.077278785 0.006295277 0.026626294 0.996634007
1341846329.208656 0.006036381 0.177979410 0.185885727 0.077762693 0.006211969 0.024738126 0.996645570
1341846329.238169 0.009860567 0.176781535 0.182979017 0.077573076 0.004718362 0.025303077 0.996654391
1341846329.273827 0.009517997 0.162089527 0.182045430 0.075437389 0.004094981 0.024884766 0.996831596
1341846329.306052 0.005986810 0.158853263 0.171339884 0.075882070 0.001921929 0.025106762 0.996798813
1341846329.338104 0.011871099 0.160967246 0.168561667 0.072999358 -0.000254831 0.023903107 0.997045457
1341846329.373907 0.013114306 0.133758023 0.169550776 0.067840092 -0.001053181 0.021307694 0.997468114
1341846329.405985 0.012927474 0.123620167 0.164757386 0.069279350 -0.002460596 0.018453585 0.997423589
1341846329.442057 0.013735373 0.118309885 0.162792563 0.068283178 -0.002981078 0.014893690 0.997550368
1341846329.473950 0.011327838 0.107096806 0.159444034 0.067468755 -0.003769343 0.008989283 0.997673810
1341846329.506147 0.011840967 0.100296982 0.157093287 0.067634687 -0.005752787 0.006282644 0.997673750
1341846329.542121 0.007992757 0.088442318 0.154151112 0.065628313 -0.008417943 0.005832852 0.997791588
1341846329.574086 0.012170049 0.071457908 0.155996203 0.067683913 -0.011133590 0.004881645 0.997632742
1341846329.606387 0.014057581 0.069597088 0.144891769 0.070218801 -0.011530915 0.003624116 0.997458398
1341846329.641955 0.006441132 0.064182907 0.144733518 0.070071481 -0.012005219 0.003706824 0.997462809
1341846329.681570 0.004955979 0.051277187 0.142805502 0.068834186 -0.014871843 0.003567368 0.997510910
1341846329.748113 0.014414024 0.047258358 0.139539137 0.071236901 -0.015683170 0.001689519 0.997334659
1341846329.810175 0.007642166 0.020807264 0.139024675 0.068706185 -0.011664504 0.005637921 0.997552812
1341846329.842255 0.010704710 0.011095710 0.141091347 0.070094213 -0.012189452 0.009097596 0.997424424
1341846329.874044 0.006877484 0.009553559 0.146184385 0.072715312 -0.011176312 0.012149480 0.997216105
1341846329.910073 0.010511459 0.016483679 0.138804525 0.073382385 -0.012214965 0.015467243 0.997109115
1341846329.942009 0.007970649 0.017335489 0.144826710 0.069406331 -0.012541261 0.020831136 0.997292101
1341846329.978087 0.005318516 -0.010794929 0.140751615 0.066089272 -0.012560809 0.020496463 0.997524083
1341846330.016305 0.010066289 -0.001416791 0.137978107 0.068715446 -0.011796690 0.019482706 0.997376263
1341846330.048192 0.005244624 0.006612048 0.137653500 0.065521844 -0.010125204 0.021392522 0.997570395
1341846330.080418 0.006744027 -0.019622795 0.134459823 0.059759226 -0.010436995 0.022573695 0.997902989
1341846330.115886 0.005742992 -0.034304500 0.138135150 0.062441107 -0.008533267 0.022918995 0.997748971
1341846330.147839 0.000484813 -0.016257495 0.133979693 0.065843783 -0.008081185 0.024922557 0.997485936
1341846330.181257 0.006795032 -0.005005338 0.129999310 0.061414178 -0.009643159 0.029439013 0.997631490
1341846330.215852 0.006893374 -0.026210811 0.122956879 0.053693019 -0.009144414 0.028250549 0.998115897
1341846330.247833 0.001202557 -0.024539419 0.128380775 0.052774109 -0.007679357 0.026520317 0.998224735
1341846330.283913 0.001912037 -0.009730194 0.129326254 0.049979612 -0.008638865 0.028699551 0.998300433
1341846330.316011 -0.005754205 -0.028626772 0.129160717 0.042749777 -0.008454653 0.026261214 0.998704851
1341846330.347868 -0.007218654 -0.037339032 0.130069435 0.040194478 -0.010147098 0.025392963 0.998817623
1341846330.383835 -0.002463954 -0.041501347 0.127546608 0.038225111 -0.010996911 0.025694005 0.998878241
1341846330.415934 -0.003499906 -0.057864048 0.130676195 0.036746323 -0.010097089 0.023850700 0.998988926
1341846330.452561 -0.008695172 -0.058844388 0.130654484 0.039746441 -0.010074085 0.022859346 0.998897493
1341846330.483903 -0.012806296 -0.056565993 0.126837954 0.039627265 -0.011755605 0.025858691 0.998810709
1341846330.515970 -0.010957628 -0.062549762 0.123910293 0.038349945 -0.014102117 0.029150838 0.998739541
1341846330.552099 -0.009401921 -0.065612346 0.122271426 0.039686620 -0.015688844 0.031221956 0.998601019
1341846330.583876 -0.014347306 -0.054737948 0.119732976 0.040000882 -0.015586454 0.031687483 0.998575389
1341846330.619992 -0.018720306 -0.042362135 0.113775186 0.036376849 -0.016452566 0.031635270 0.998701751
1341846330.652136 -0.013556439 -0.055707276 0.110516734 0.028758781 -0.018642224 0.030360349 0.998951256
1341846330.683796 -0.017546281 -0.059999660 0.108919181 0.024042416 -0.018166099 0.029330887 0.999115407
1341846330.719991 -0.026644504 -0.073567949 0.111704245 0.020978685 -0.019484764 0.029663270 0.999149799
1341846330.752103 -0.027610984 -0.080536626 0.107647687 0.022086034 -0.023872629 0.033690605 0.998903036
1341846330.787952 -0.034369085 -0.069408804 0.101338610 0.024170712 -0.028015452 0.038152121 0.998586655
1341846330.819823 -0.032774433 -0.073884189 0.097167619 0.023366692 -0.032586992 0.038065586 0.998470366
1341846330.852208 -0.034977283 -0.062589638 0.091916136 0.023749359 -0.033952642 0.038841605 0.998385966
1341846330.914111 -0.034468230 -0.050029609 0.085852228 0.015352234 -0.037836108 0.039190531 0.998397112
1341846330.949903 -0.040636241 -0.066195175 0.089415371 0.010955724 -0.038376465 0.038416602 0.998464465
1341846330.981986 -0.050896086 -0.064601459 0.084584571 0.012097660 -0.041957345 0.039235439 0.998275399
1341846331.014111 -0.045818429 -0.057144541 0.081628218 0.012316935 -0.046770129 0.039696205 0.998040617
1341846331.082139 -0.049240772 -0.064493567 0.073539130 0.013394221 -0.049257118 0.036000706 0.998047233
1341846331.114334 -0.048587851 -0.058787003 0.072427429 0.013484727 -0.051846404 0.036202423 0.997907519
1341846331.149989 -0.046100840 -0.071153872 0.068306230 0.012811864 -0.052899860 0.035006374 0.997903824
1341846331.181954 -0.049598277 -0.069841594 0.068402439 0.016319957 -0.052994091 0.033798143 0.997889280
1341846331.218151 -0.057470519 -0.052371144 0.062179923 0.017294915 -0.055481892 0.035049215 0.997694433
1341846331.249914 -0.043761596 -0.063542515 0.067099288 0.014178387 -0.058506884 0.033990499 0.997607410
1341846331.318141 -0.034615345 -0.060001045 0.066962570 0.025146535 -0.049543377 0.029564600 0.998017550
1341846331.349926 -0.032717258 -0.061113186 0.058523957 0.023683634 -0.047378223 0.028275020 0.998195827
1341846331.382003 0.021088973 -0.067761332 0.103266977 0.027771626 -0.045916941 0.029844392 0.998113036
1341846331.418008 0.014539018 -0.061400332 0.101014338 0.034913491 -0.036456551 0.028603345 0.998315513
1341846331.450327 0.001002182 -0.062515758 0.096549451 0.035741109 -0.029790107 0.029729934 0.998474479
1341846331.486219 -0.034103759 -0.056737743 0.087625042 0.035386566 -0.022826957 0.028755981 0.998699069
1341846331.518344 -0.027895842 -0.060084276 0.084550351 0.034024265 -0.022042893 0.025536804 0.998851478
1341846331.550202 -0.019279419 -0.061961420 0.096469440 0.036509741 -0.018378919 0.025291950 0.998844087
1341846331.586139 -0.026945660 -0.049061608 0.106529452 0.039451741 -0.016691945 0.026391463 0.998733401
1341846331.617931 -0.019800123 -0.050128367 0.110212363 0.037716623 -0.017176973 0.026824355 0.998780668
1341846331.654027 -0.014310968 -0.053301901 0.115356706 0.038931180 -0.014607553 0.026370965 0.998787045
1341846331.686123 -0.021673504 -0.041889280 0.126783565 0.041882355 -0.011090272 0.028725121 0.998647928
1341846331.717954 -0.027074672 -0.033920232 0.135288477 0.038818404 -0.011987603 0.029024934 0.998752713
1341846331.754076 -0.013883931 -0.049471132 0.149827257 0.035317339 -0.012462673 0.027609738 0.998916924
1341846331.785920 -0.017011749 -0.045599382 0.153989390 0.038998093 -0.008937924 0.025948750 0.998862326
1341846331.818053 -0.018948428 -0.034259304 0.167337805 0.040061060 -0.007419248 0.026807003 0.998809993
1341846331.853849 -0.016813420 -0.040728800 0.177580997 0.038429823 -0.007208965 0.025584981 0.998907685
1341846331.885987 -0.008375742 -0.046006255 0.188482493 0.040666398 -0.005153110 0.023426110 0.998884797
1341846331.922014 -0.013058132 -0.037637144 0.198057413 0.043064542 -0.001401203 0.022103397 0.998826742
1341846331.954037 -0.007233910 -0.037141044 0.210245132 0.042971950 0.000899072 0.023443997 0.998800755
1341846331.986135 0.005448577 -0.050195381 0.219070911 0.044337608 0.005269964 0.024030235 0.998713613
1341846332.022364 -0.009177342 -0.052319676 0.239874139 0.051249929 0.011554573 0.024241474 0.998324692
1341846332.054175 -0.012844373 -0.043601558 0.251090318 0.058324981 0.011702805 0.026552744 0.997875869
1341846332.086502 -0.010906857 -0.042966437 0.262049258 0.060734782 0.011724875 0.028144183 0.997688174
1341846332.122051 -0.012864429 -0.038807474 0.272739202 0.062635727 0.012916729 0.026654182 0.997596860
1341846332.153983 -0.016414303 -0.018156648 0.285617232 0.062437870 0.012603475 0.024924453 0.997657955
1341846332.190165 -0.015924340 -0.017492836 0.304520547 0.056151550 0.010598586 0.024033761 0.998076677
1341846332.254145 -0.019692983 -0.042397391 0.327897280 0.054259982 0.011536206 0.020661721 0.998246372
1341846332.289948 -0.024891289 -0.034901265 0.339400053 0.056865770 0.011806799 0.023253754 0.998041153
1341846332.322172 -0.021981679 -0.038117893 0.351979613 0.057103347 0.010941898 0.025221940 0.997989655
1341846332.354003 -0.010724291 -0.043436334 0.354120910 0.059391424 0.011758081 0.021648990 0.997930706
1341846332.390180 -0.011397324 -0.030020684 0.366765082 0.061982032 0.016196841 0.018658569 0.997771382
1341846332.422055 -0.017481688 -0.026399154 0.379818499 0.060095184 0.019260367 0.015728181 0.997882843
1341846332.458114 -0.009807607 -0.031065762 0.385726571 0.059325881 0.020825429 0.011260327 0.997957885
1341846332.489993 -0.017465789 -0.025292926 0.401938736 0.060472623 0.023075527 0.014321024 0.997800350
1341846332.522130 -0.025687071 -0.018854959 0.416694105 0.060596231 0.019868169 0.020795099 0.997747898
1341846332.558114 -0.022496358 -0.023601294 0.421460152 0.060353152 0.014352119 0.027679129 0.997690022
1341846332.589874 -0.013758291 -0.011107314 0.430246055 0.060960375 0.011053075 0.032027476 0.997564971
1341846332.621889 0.006179041 -0.006332967 0.442732424 0.057305004 0.007485646 0.034322251 0.997738481
1341846332.658202 -0.010372113 -0.013759580 0.441747069 0.052071594 0.011864655 0.030991979 0.998091817
1341846332.690001 -0.007519029 -0.010262769 0.450479478 0.050339486 0.012422888 0.032149520 0.998137236
1341846332.726000 -0.014711513 -0.016111309 0.462205887 0.048781391 0.012396075 0.035801329 0.998090684
1341846332.758386 -0.004373899 -0.012473632 0.473259866 0.049754690 0.008686024 0.038080983 0.997997403
1341846332.789937 0.002975354 -0.004968584 0.473975986 0.049356967 0.009110991 0.036195401 0.998083532
1341846332.825925 0.000571491 -0.006674051 0.491205603 0.046983980 0.012425598 0.034838155 0.998210609
1341846332.857898 0.005542939 -0.008355465 0.499626875 0.047899663 0.012966867 0.034778830 0.998162270
1341846332.894069 0.011231453 0.004970118 0.504961014 0.048473973 0.011788157 0.034955628 0.998142958
1341846332.926029 0.015320500 0.011114407 0.510909319 0.045281079 0.012478941 0.033295982 0.998341262
1341846332.958015 0.035513252 0.009040613 0.537696302 0.042569596 0.011605758 0.031103574 0.998541772
1341846332.994073 0.018562431 0.004740130 0.537688434 0.037820268 0.016625728 0.029008383 0.998725057
1341846333.026545 0.021437537 0.002652131 0.545194328 0.034857843 0.017763296 0.025930040 0.998897910
1341846333.057998 0.027160272 0.008595761 0.556523800 0.034990828 0.019917849 0.026980208 0.998824775
1341846333.094024 0.029176764 0.006419480 0.565838814 0.034958974 0.021491313 0.030985340 0.998677075
1341846333.126095 0.035042524 0.010816596 0.566529691 0.035607096 0.022529118 0.033138014 0.998562217
1341846333.161973 0.041521169 0.016600531 0.568340182 0.034544501 0.024714099 0.034249403 0.998510301
1341846333.195660 0.040053874 0.015930235 0.578781962 0.031703211 0.027144732 0.035833791 0.998485863
1341846333.226331 0.044382680 0.020734947 0.588528037 0.030915728 0.027229341 0.035082050 0.998534918
1341846333.262056 0.042969443 0.025746983 0.592549682 0.027858533 0.028350368 0.033056341 0.998662829
1341846333.294147 0.045088351 0.023871580 0.597024739 0.024655627 0.027807267 0.033030227 0.998763204
1341846333.326100 0.046736639 0.024282547 0.600334287 0.022680275 0.026582699 0.031159539 0.998903394
1341846333.362100 0.050767615 0.033419531 0.601137936 0.020496124 0.025550302 0.029998619 0.999013126
1341846333.394119 0.049537465 0.029446280 0.607218266 0.016912391 0.024841351 0.029114855 0.999124229
1341846333.429974 0.066546217 0.041961290 0.608934045 0.018355938 0.019777849 0.029679392 0.999195158
1341846333.462115 0.072575279 0.039886162 0.614086628 0.017932693 0.019451052 0.028408656 0.999246240
1341846333.494040 0.072642699 0.044075079 0.616500795 0.019611960 0.020477559 0.027171476 0.999228597
1341846333.529953 0.077165380 0.043163568 0.617042780 0.019985521 0.021198338 0.026256749 0.999230623
1341846333.562063 0.074127510 0.046826340 0.615538061 0.021744572 0.023841796 0.028878091 0.999061942
1341846333.594090 0.064947352 0.049736090 0.615204990 0.020325528 0.024097387 0.029477473 0.999068201
1341846333.629994 0.063565344 0.051300760 0.611769795 0.016577972 0.021481531 0.028152246 0.999235272
1341846333.662127 0.065977104 0.050404739 0.611415923 0.013448615 0.020213654 0.027550889 0.999325514
1341846333.697964 0.069592044 0.046055004 0.616308868 0.011599848 0.020122049 0.028992452 0.999309778
1341846333.730092 0.069096006 0.042413585 0.612546742 0.013720959 0.020337468 0.029797493 0.999254823
1341846333.762089 0.066964895 0.044653006 0.606278121 0.015851691 0.021259574 0.031398609 0.999155045
1341846333.798006 0.064477488 0.041123480 0.600886345 0.016806766 0.021939034 0.031126298 0.999133289
1341846333.830055 0.069121964 0.041661009 0.598569572 0.019228322 0.022425985 0.029603040 0.999125123
1341846333.866045 0.063567221 0.041675232 0.594235957 0.020418921 0.024368910 0.027845632 0.999106526
1341846333.897987 0.055914573 0.032950964 0.589212656 0.020886689 0.025696248 0.026156865 0.999109209
1341846333.930099 0.054377619 0.029960712 0.584169090 0.023529304 0.026598137 0.024834223 0.999060631
1341846333.965889 0.055062503 0.031740651 0.580036879 0.026203604 0.027161485 0.024827391 0.998979092
1341846333.997985 0.058254421 0.027203195 0.574224412 0.028350143 0.027284248 0.024306288 0.998929918
1341846334.030076 0.045937628 0.027616940 0.568635941 0.031607836 0.030298878 0.025532361 0.998714685
1341846334.066000 0.042540535 0.024398960 0.561288536 0.032797232 0.030158710 0.026875943 0.998645306
1341846334.097932 0.044162530 0.023705807 0.555122435 0.034690186 0.029741528 0.026320608 0.998608649
1341846334.133884 0.042143930 0.022334635 0.550063968 0.035960272 0.030674750 0.026779678 0.998523295
1341846334.166115 0.035848893 0.025152016 0.541303515 0.036777519 0.030003693 0.027702862 0.998488724
1341846334.198072 0.038900122 0.022309937 0.533598185 0.036870796 0.027559126 0.026744209 0.998581886
1341846334.234097 0.039999574 0.025214594 0.522873044 0.037522092 0.027982872 0.025512222 0.998578072
1341846334.266045 0.032677218 0.021566406 0.521342754 0.037383422 0.030059773 0.025592418 0.998520851
1341846334.297946 0.026049068 0.021126878 0.516603112 0.038681660 0.028816273 0.027145643 0.998467028
1341846334.334036 0.026432822 0.022879541 0.508547306 0.039230369 0.026877690 0.028058236 0.998474479
1341846334.365871 0.022137500 0.023541640 0.498234123 0.038669866 0.027657039 0.025885873 0.998533726
1341846334.401845 0.023304075 0.023003206 0.492462546 0.037336636 0.027938893 0.024844922 0.998603106
1341846334.433864 0.014604582 0.018267598 0.491906166 0.037194241 0.027357763 0.025444811 0.998609364
1341846334.466105 0.016087117 0.022585128 0.478659809 0.038309272 0.025466122 0.026413808 0.998592079
1341846334.502142 0.006193496 0.024294179 0.472549766 0.037033167 0.025132887 0.027573401 0.998617351
1341846334.540153 0.006668855 0.022002835 0.464229196 0.036436528 0.023512013 0.025984894 0.998721361
1341846334.602351 -0.006954748 0.027226975 0.450576067 0.032101337 0.020499764 0.018993331 0.999093831
1341846334.670161 -0.011347083 0.021077368 0.433504015 0.026400274 0.018291820 0.011825414 0.999414086
1341846334.702085 -0.018024340 0.016907645 0.430298507 0.024746232 0.016084069 0.012438572 0.999486983
1341846334.734751 -0.019714527 0.019473683 0.419790208 0.025536051 0.013730415 0.013686721 0.999485910
1341846334.770889 -0.025978498 0.015950445 0.408614904 0.025068521 0.012813319 0.016578913 0.999466121
1341846334.802194 -0.026071824 0.017259581 0.396460533 0.024739804 0.009791262 0.017543510 0.999491990
1341846334.833908 -0.029674092 0.016468735 0.387903005 0.023942666 0.008563300 0.015463256 0.999557078
1341846334.869874 -0.032591663 0.020638090 0.377753079 0.023050802 0.008301806 0.015649747 0.999577284
1341846334.902006 -0.038610000 0.018765002 0.370403409 0.021057725 0.007059769 0.016084090 0.999623954
1341846334.938010 -0.036607705 0.016411487 0.356943160 0.020234017 0.003085139 0.015812721 0.999665439
1341846334.970032 -0.036173820 0.013914317 0.348807603 0.019864134 0.002316013 0.014624795 0.999693036
1341846335.002203 -0.048353035 0.007371908 0.336379260 0.020644004 0.004310338 0.016082481 0.999648213
1341846335.037880 -0.046109423 0.012423581 0.319301724 0.023972483 -0.000076601 0.018171115 0.999547482
1341846335.069990 -0.039471067 0.018236700 0.317735761 0.025118096 -0.003966368 0.018613372 0.999503314
1341846335.106038 -0.039733537 0.017161503 0.305477440 0.025311857 -0.002659416 0.016519278 0.999539554
1341846335.138045 -0.050263911 0.010844479 0.297829866 0.026168570 -0.000564067 0.016064957 0.999528289
1341846335.169900 -0.055491574 0.020623589 0.285008669 0.027689356 -0.003001308 0.016108688 0.999482274
1341846335.206091 -0.048501145 0.014628078 0.274464458 0.026013799 -0.006101857 0.014231305 0.999541640
1341846335.239365 -0.051252551 0.009939980 0.262037218 0.025524534 -0.004393082 0.011656224 0.999596596
1341846335.269948 -0.052968796 0.006438415 0.251734823 0.026792454 -0.003060867 0.009810524 0.999588192
1341846335.305972 -0.062865712 0.009042469 0.246295407 0.029305421 -0.003722687 0.010530791 0.999508083
1341846335.338012 -0.059237186 0.005801709 0.234741732 0.030324206 -0.005586807 0.011725338 0.999455750
1341846335.374005 -0.054863088 0.000688102 0.225374773 0.034415159 -0.004306776 0.011881992 0.999327719
1341846335.406025 -0.057187572 -0.001795828 0.216957614 0.040655613 -0.001712151 0.013790163 0.999076605
1341846335.438079 -0.057955686 0.008289348 0.205950558 0.046807095 -0.001181609 0.018721033 0.998727798
1341846335.473998 -0.054554749 0.011688899 0.191335559 0.049031086 -0.000044830 0.020206740 0.998592854
1341846335.507038 -0.055449083 0.014637178 0.181150392 0.050169617 0.002478133 0.017609267 0.998582363
1341846335.538040 -0.063490570 0.019995628 0.177364588 0.049726069 0.005580041 0.016009368 0.998619020
1341846335.574119 -0.067678638 0.022632949 0.170161575 0.047292773 0.005556216 0.016246807 0.998733461
1341846335.605970 -0.068628736 0.017228577 0.158030167 0.045647629 0.004872766 0.015148296 0.998830855
1341846335.641978 -0.067042693 0.016489793 0.142287001 0.046551373 0.006069715 0.012507624 0.998819113
1341846335.673993 -0.068887971 0.019571345 0.138776541 0.046364274 0.006423895 0.012594717 0.998824537
1341846335.706178 -0.075491190 0.019637624 0.125367150 0.046017576 0.005700173 0.013532201 0.998832703
1341846335.741982 -0.068997078 0.016554039 0.115501702 0.046126723 0.004600102 0.013069280 0.998839498
1341846335.773960 -0.073161438 0.022643374 0.101939097 0.046716146 0.005554880 0.012581696 0.998813510
1341846335.806271 -0.073732227 0.026521208 0.092595220 0.044736072 0.004740831 0.013266300 0.998899519
1341846335.842031 -0.071801253 0.020833446 0.084178902 0.042407129 0.005379199 0.013143378 0.998999476
1341846335.873966 -0.074328937 0.020090632 0.072818533 0.043303337 0.007166728 0.012221230 0.998961508
1341846335.910005 -0.080642968 0.026194779 0.060879800 0.043288235 0.007279913 0.013965116 0.998938501
1341846335.941936 -0.082271174 0.025540482 0.048396748 0.042201281 0.005040387 0.014373828 0.998993039
1341846335.974198 -0.080973715 0.025304640 0.039111223 0.041944835 0.003980458 0.012472222 0.999034166
1341846336.010032 -0.085341215 0.026625002 0.027260762 0.041752733 0.004345226 0.011072541 0.999057174
1341846336.042129 -0.091622107 0.029883916 0.016208190 0.041269016 0.003435178 0.011944241 0.999070823
1341846336.078076 -0.093376465 0.025167365 0.008222033 0.040952221 0.001640549 0.011058502 0.999098599
1341846336.110739 -0.111962363 0.031952437 -0.001991140 0.042347051 0.004115501 0.008857399 0.999055207
1341846336.142002 -0.122117028 0.029258734 -0.009717701 0.041855507 0.004860458 0.010186356 0.999059916
1341846336.183953 -0.127633870 0.034608882 -0.017067745 0.042017505 0.002387706 0.010948315 0.999054015
1341846336.241891 -0.127296507 0.036780771 -0.026347976 0.040289152 0.001502570 0.010376197 0.999133050
1341846336.277946 -0.128211334 0.029409546 -0.040699333 0.039946031 0.001407769 0.012462009 0.999123096
1341846336.309977 -0.135816112 0.027784791 -0.048219819 0.042497147 -0.000389645 0.015664633 0.998973668
1341846336.346143 -0.137317032 0.032658871 -0.061196927 0.044524144 -0.001440203 0.016648373 0.998868525
1341846336.377975 -0.136516199 0.034004148 -0.067946509 0.045948405 -0.001513750 0.014848419 0.998832285
1341846336.410032 -0.143287092 0.029370021 -0.076846719 0.045474246 -0.000092092 0.015016088 0.998852670
1341846336.446041 -0.139676094 0.035503913 -0.089847177 0.045331322 -0.001580338 0.016244171 0.998838663
1341846336.477990 -0.143547609 0.029287495 -0.094912931 0.043488503 -0.000909284 0.015219069 0.998937607
1341846336.510056 -0.141000301 0.032952167 -0.100570224 0.044444297 -0.000876056 0.016583651 0.998873830
1341846336.546024 -0.146250948 0.033381388 -0.108893812 0.045664907 -0.000243166 0.018320702 0.998788774
1341846336.578003 -0.151135549 0.035576910 -0.113762252 0.045009688 -0.000474346 0.019875718 0.998788655
1341846336.614020 -0.135288447 0.040511653 -0.115183003 0.045056533 -0.002100540 0.018893590 0.998803556
1341846336.645982 -0.148967952 0.044605032 -0.122238070 0.043940239 0.000633542 0.018062936 0.998870671
1341846336.678036 -0.157365575 0.033373885 -0.125829801 0.040909767 -0.000637586 0.018590380 0.998989701
1341846336.714024 -0.169829980 0.032004427 -0.128042400 0.043065470 -0.001221637 0.017858364 0.998911858
1341846336.746016 -0.169849068 0.017020684 -0.131149933 0.044591479 -0.003394481 0.020242302 0.998794436
1341846336.778014 -0.165132210 0.032035638 -0.146506131 0.048875105 -0.008953581 0.024816347 0.998456419
1341846336.820006 -0.165559143 0.042073030 -0.153754979 0.050549891 -0.012572425 0.025942266 0.998305380
1341846336.882056 -0.181656659 0.047794454 -0.160692275 0.054298580 -0.013018640 0.024118293 0.998148561
1341846336.914273 -0.161038041 0.039955147 -0.177309617 0.056126371 -0.020337721 0.030564850 0.997748435
1341846336.945998 -0.172811210 0.046151645 -0.177486360 0.064276852 -0.025357204 0.028746299 0.997195601
1341846336.981980 -0.159827635 0.057574734 -0.192560300 0.066267245 -0.031357288 0.028970985 0.996888161
1341846337.014238 -0.182094514 0.061081842 -0.180920765 0.063480906 -0.031374104 0.023814924 0.997205436
1341846337.046017 -0.179977790 0.054104842 -0.183089852 0.060750566 -0.032461442 0.019817684 0.997428119
1341846337.082104 -0.190214783 0.052764934 -0.192665100 0.059577394 -0.031535193 0.017068146 0.997579455
1341846337.114317 -0.179539114 0.052127823 -0.189361542 0.057667620 -0.035935823 0.018057041 0.997525454
1341846337.150037 -0.180526555 0.053076610 -0.190559715 0.056367137 -0.037286438 0.015568615 0.997592151
1341846337.181873 -0.186224043 0.060862515 -0.194066256 0.057284497 -0.036217000 0.011342440 0.997636259
1341846337.214073 -0.190919399 0.058708515 -0.206075311 0.053499375 -0.034324974 0.009958642 0.997928023
1341846337.250087 -0.188422069 0.054857399 -0.207883835 0.052033816 -0.036992129 0.012889062 0.997876704
1341846337.282028 -0.195299447 0.060165197 -0.213030070 0.053780984 -0.039721537 0.015714698 0.997638643
1341846337.317920 -0.178637132 0.061509728 -0.213732302 0.053245008 -0.042655259 0.015718225 0.997546196
1341846337.350018 -0.156264797 0.061027687 -0.213702679 0.051384162 -0.046054401 0.014251090 0.997514665
1341846337.382159 -0.184439540 0.044511899 -0.212806985 0.046065431 -0.041389748 0.013112183 0.997994483
1341846337.417941 -0.185572281 0.041401908 -0.217345849 0.047201786 -0.041098740 0.014280621 0.997937322
1341846337.450137 -0.172093585 0.039608937 -0.218090728 0.046423566 -0.045502484 0.015026785 0.997771800
1341846337.482096 -0.187043577 0.044447575 -0.228541106 0.046318427 -0.042758655 0.016274378 0.997878492
1341846337.518008 -0.186423600 0.041466989 -0.230207175 0.047471207 -0.043428365 0.015518317 0.997807384
1341846337.549978 -0.179773942 0.042549610 -0.236058503 0.046217836 -0.045454286 0.013082887 0.997810960
1341846337.585971 -0.183109462 0.043472588 -0.235250860 0.044563223 -0.044998407 0.013720206 0.997898281
1341846337.617903 -0.182629362 0.037969712 -0.228465930 0.046308342 -0.045386754 0.013025624 0.997810543
1341846337.650141 -0.171289340 0.034745120 -0.229066372 0.046758626 -0.047844097 0.012714714 0.997678757
1341846337.686352 -0.181927413 0.051704839 -0.231304467 0.047089767 -0.045725882 0.013034384 0.997758389
1341846337.718002 -0.176478893 0.047627293 -0.224843666 0.045006588 -0.045667179 0.013263128 0.997854173
1341846337.749920 -0.163863450 0.045954585 -0.215208098 0.043639470 -0.045318216 0.012121107 0.997945368
1341846337.786157 -0.179225743 0.059231609 -0.216776595 0.042285889 -0.040414494 0.012302756 0.998211980
1341846337.817945 -0.173239350 0.053958762 -0.207857624 0.039806876 -0.038826279 0.013777979 0.998357713
1341846337.854071 -0.159304857 0.053982835 -0.200198933 0.037870806 -0.037492257 0.013649139 0.998485744
1341846337.885951 -0.176992849 0.061621483 -0.204413071 0.035480566 -0.032904740 0.010554061 0.998772740
1341846337.918223 -0.171866283 0.067176096 -0.192429364 0.032240290 -0.032207895 0.008772992 0.998922527
1341846337.954120 -0.172560886 0.056798600 -0.189058319 0.028596794 -0.030337663 0.008769162 0.999092042
1341846337.985994 -0.162380800 0.055421263 -0.181257442 0.024522666 -0.030759525 0.010048763 0.999175429
1341846338.018107 -0.168923244 0.063686952 -0.174359292 0.023083013 -0.027851604 0.009870425 0.999296784
1341846338.054055 -0.164601997 0.067778200 -0.169640332 0.020773975 -0.026876381 0.008628155 0.999385655
1341846338.085986 -0.162854001 0.059235424 -0.161794469 0.016012492 -0.023242319 0.009191041 0.999559343
1341846338.121875 -0.159941331 0.060367752 -0.149260640 0.014731203 -0.021451570 0.010899978 0.999601960
1341846338.154089 -0.166670308 0.063732751 -0.149602920 0.014725114 -0.020151651 0.014629005 0.999581456
1341846338.186029 -0.162258744 0.066498488 -0.138845071 0.013849385 -0.021139180 0.016503731 0.999544382
1341846338.222071 -0.152789071 0.074944273 -0.127471536 0.013532400 -0.020688906 0.015767977 0.999570012
1341846338.254107 -0.154244959 0.068418689 -0.119460024 0.011210969 -0.018666659 0.016535003 0.999626160
1341846338.290130 -0.156392515 0.061829206 -0.108034544 0.010521790 -0.018038437 0.017990099 0.999620080
1341846338.321952 -0.151805118 0.062704436 -0.099476218 0.010091795 -0.017854271 0.019315463 0.999603093
1341846338.354022 -0.150716662 0.061858498 -0.089389749 0.009446939 -0.017202968 0.019221701 0.999622583
1341846338.389969 -0.149372235 0.070620351 -0.080326289 0.009755349 -0.016400829 0.020074219 0.999616385
1341846338.422377 -0.154843494 0.062910832 -0.074020125 0.007068081 -0.014896424 0.019413246 0.999675572
1341846338.454010 -0.152230859 0.063643463 -0.065913744 0.005732131 -0.015619871 0.018595366 0.999688625
1341846338.489894 -0.149451673 0.059077103 -0.053558804 0.003588607 -0.016114514 0.019985439 0.999663949
1341846338.522066 -0.147033572 0.056653161 -0.042954102 0.004107699 -0.015802266 0.019468186 0.999677122
1341846338.558058 -0.143475756 0.068534784 -0.036429688 0.004489011 -0.016389607 0.018777592 0.999679267
1341846338.589842 -0.137169480 0.061025787 -0.023736022 0.001342249 -0.017076509 0.019481666 0.999663472
1341846338.622019 -0.133160889 0.064446881 -0.009820768 0.003249355 -0.016203661 0.020625632 0.999650657
1341846338.657984 -0.139309272 0.072687574 -0.008268532 0.004257931 -0.015611531 0.021872826 0.999629796
1341846338.690198 -0.136255458 0.081245452 0.002179545 0.003302184 -0.016544279 0.021277118 0.999631286
1341846338.722454 -0.134086683 0.077336609 0.011166234 0.002689544 -0.015207540 0.021311788 0.999653578
1341846338.757945 -0.138871536 0.078204192 0.016817922 0.002423131 -0.014543412 0.023538500 0.999614179
1341846338.790039 -0.135905191 0.080088913 0.029379139 0.000550713 -0.016970435 0.023600943 0.999577284
1341846338.826048 -0.125967816 0.078110084 0.043173708 0.000776601 -0.016726583 0.022205435 0.999613166
1341846338.858027 -0.130270004 0.078329705 0.045694463 0.000063992 -0.014678312 0.020761017 0.999676704
1341846338.889902 -0.127642497 0.086514883 0.066208772 -0.001290302 -0.015789373 0.020536022 0.999663591
1341846338.925948 -0.124713555 0.086371429 0.076489121 -0.001736124 -0.015007740 0.018312184 0.999718189
1341846338.958108 -0.123905338 0.083758689 0.083942786 -0.002062755 -0.012958674 0.017696971 0.999757290
1341846338.990057 -0.121861205 0.080251813 0.098564498 -0.001931656 -0.013008082 0.019604851 0.999721289
1341846339.025928 -0.120213777 0.085337415 0.110109694 0.000882661 -0.011532143 0.018129386 0.999768734
1341846339.057939 -0.108911850 0.082611948 0.119994521 0.002899079 -0.010881452 0.019441659 0.999747574
1341846339.093927 -0.121380664 0.089426994 0.121152379 0.002149655 -0.009625700 0.020643283 0.999738276
1341846339.126562 -0.108817071 0.093839839 0.136227176 -0.000869969 -0.012111706 0.019275961 0.999740481
1341846339.157969 -0.102247588 0.092588902 0.149090245 -0.003386041 -0.009848573 0.018008474 0.999783576
1341846339.194113 -0.102639206 0.093762256 0.162721574 -0.005533910 -0.008878503 0.019839482 0.999748468
1341846339.228165 -0.104860596 0.089291647 0.164661884 -0.010297445 -0.010454552 0.022563785 0.999637723
1341846339.257998 -0.097718336 0.098930284 0.180244192 -0.011046651 -0.009910366 0.021283792 0.999663353
1341846339.294132 -0.098898426 0.095833361 0.184908509 -0.011780427 -0.006949403 0.022833366 0.999645710
1341846339.326577 -0.097265333 0.107900798 0.199437469 -0.014227899 -0.009390030 0.026721830 0.999497533
1341846339.362269 -0.091193072 0.103622690 0.204663560 -0.018885875 -0.011664867 0.023884902 0.999468267
1341846339.394725 -0.083600670 0.106698066 0.218274802 -0.019348476 -0.010319251 0.022853587 0.999498308
1341846339.462186 -0.077363543 0.100401551 0.233024433 -0.024120694 -0.011613535 0.022156883 0.999396026
1341846339.496743 -0.065023690 0.108908527 0.248325765 -0.019629754 -0.008776774 0.019297455 0.999582529
1341846339.562052 -0.065309487 0.103037201 0.264035732 -0.019442376 -0.005517578 0.023392672 0.999522030
1341846339.595122 -0.056424603 0.101933010 0.270191163 -0.017877331 -0.005748316 0.021959459 0.999582469
1341846339.632085 -0.056483336 0.105254941 0.278238058 -0.015916973 -0.001375212 0.018744607 0.999696672
1341846339.664568 -0.051534925 0.103962168 0.287701249 -0.016128961 0.000640171 0.017995805 0.999707758
1341846339.698896 -0.054008890 0.103173174 0.297637075 -0.015925599 0.002546141 0.016962172 0.999726057
1341846339.731977 -0.047755349 0.110290810 0.306399524 -0.014571363 0.002139764 0.015399227 0.999772966
1341846339.762241 -0.044002593 0.102559671 0.312224954 -0.015357055 0.003410571 0.015321078 0.999758840
1341846339.797873 -0.045942247 0.099696346 0.317230642 -0.015770707 0.004344396 0.016637163 0.999727786
1341846339.830245 -0.042514976 0.100163139 0.328583121 -0.015847638 0.003839682 0.016546058 0.999730110
1341846339.862015 -0.034058064 0.101120844 0.334238857 -0.016177768 0.002799126 0.017260378 0.999716222
1341846339.897797 -0.029880146 0.099957243 0.343153059 -0.017437698 0.003945532 0.016659519 0.999701381
1341846339.929916 -0.029426342 0.097319186 0.351775199 -0.017555563 0.005157554 0.018122962 0.999668300
1341846339.961960 -0.025781522 0.092574604 0.356363416 -0.017022060 0.004285790 0.018992046 0.999665558
1341846339.997845 -0.018813118 0.093441397 0.361405671 -0.015780123 0.004929330 0.018955048 0.999683619
1341846340.029925 -0.018466832 0.090756319 0.365508288 -0.015252646 0.007654106 0.019920234 0.999655902
1341846340.066044 -0.014703788 0.088978462 0.375455171 -0.013378614 0.008610198 0.021138709 0.999649942
1341846340.098009 -0.013241398 0.090583377 0.377952099 -0.012325104 0.009145748 0.022133943 0.999637187
1341846340.130102 -0.014484189 0.092269070 0.385457844 -0.012691906 0.009687827 0.021185553 0.999648035
1341846340.166041 -0.004099098 0.085087761 0.391220093 -0.012918280 0.010726584 0.018978391 0.999678910
1341846340.197867 -0.011543254 0.090595901 0.401467443 -0.010932471 0.014555123 0.019278891 0.999648392
1341846340.229904 -0.005837511 0.101393960 0.406649381 -0.010225505 0.013260894 0.019555990 0.999668539
1341846340.265859 0.001194646 0.093925707 0.416974962 -0.011821459 0.013989473 0.018270833 0.999665320
1341846340.298061 -0.000260049 0.092869639 0.426053613 -0.010068319 0.016963186 0.019414818 0.999616921
1341846340.334063 -0.004661768 0.095477670 0.427365810 -0.011263270 0.016892180 0.020027151 0.999593258
1341846340.366064 0.002598032 0.090970010 0.436688930 -0.013105301 0.014149105 0.020158514 0.999610782
1341846340.397995 0.005837133 0.091166012 0.436083466 -0.010895411 0.014692239 0.019850284 0.999635637
1341846340.433895 0.004878337 0.098242380 0.442028970 -0.009293879 0.014821763 0.020607485 0.999634564
1341846340.465959 0.002971265 0.093110926 0.444692671 -0.009480954 0.013066647 0.022456994 0.999617457
1341846340.501858 0.011550887 0.084835738 0.441569477 -0.010472459 0.008495136 0.023448851 0.999634087
1341846340.534329 0.015821317 0.092772961 0.445967793 -0.008440511 0.006960159 0.022764642 0.999680996
1341846340.566041 0.020087916 0.085498668 0.445824623 -0.008210924 0.005737326 0.022733497 0.999691367
1341846340.601909 0.027002806 0.090651713 0.444208950 -0.004802725 0.004493406 0.023604201 0.999699712
1341846340.634005 0.029017780 0.091817088 0.441433251 -0.004194716 0.004006751 0.022258222 0.999735415
1341846340.666028 0.031894382 0.084451631 0.431760401 -0.005584866 0.004329243 0.020532753 0.999764204
1341846340.701946 0.040227979 0.087124832 0.434367448 -0.002948140 0.004590107 0.018606434 0.999812007
1341846340.733954 0.040072728 0.093489133 0.432393968 -0.001037524 0.006635061 0.016197814 0.999846280
1341846340.770081 0.045590382 0.089077659 0.432296395 -0.002815918 0.006250876 0.013372253 0.999887049
1341846340.801980 0.048948336 0.085541651 0.429416806 -0.003175602 0.007017476 0.008262799 0.999936163
1341846340.833999 0.045233764 0.096843325 0.431430995 -0.001670743 0.009999887 0.004538212 0.999938309
1341846340.870013 0.046993602 0.098419331 0.433311909 -0.002483282 0.009348243 0.003014674 0.999948680
1341846340.901955 0.051321112 0.101564899 0.435664803 -0.000419934 0.008551347 0.003174512 0.999958277
1341846340.933918 0.036631256 0.088269971 0.424336582 -0.001335549 0.010802272 0.005476566 0.999925792
1341846340.970122 0.029657140 0.095433526 0.429860920 0.001172328 0.009060981 0.010814645 0.999899805
1341846341.001922 0.028507398 0.089159191 0.419676542 0.001713096 0.005339628 0.015427047 0.999865294
1341846341.037923 0.035465475 0.094655991 0.413085401 0.003898720 0.001554156 0.018165544 0.999826193
1341846341.070300 0.037312567 0.093564399 0.412743270 0.003992300 0.000346468 0.018226437 0.999825835
1341846341.102028 0.033431787 0.088939674 0.406575620 0.003141880 -0.000325939 0.018604169 0.999821961
1341846341.137982 0.034136720 0.085756332 0.402764022 0.002656837 -0.002116855 0.018987665 0.999813974
1341846341.170048 0.039115578 0.096724845 0.409071356 0.005836238 -0.003313304 0.018851696 0.999799788
1341846341.202110 0.045255303 0.082738578 0.406242460 0.004276182 -0.004790241 0.021309691 0.999752283
1341846341.237996 0.047807075 0.083664417 0.406542361 0.006203713 -0.004803168 0.021793170 0.999731719
1341846341.269883 0.042083826 0.083818175 0.405630261 0.007430980 -0.003509750 0.022268161 0.999718249
1341846341.306107 0.043051854 0.081850119 0.401028961 0.007580664 -0.004447500 0.021527059 0.999729633
1341846341.338109 0.042566016 0.085715316 0.397559822 0.009233001 -0.003717762 0.019173173 0.999766588
1341846341.370120 0.043915160 0.083581083 0.397212386 0.009448309 -0.002857046 0.017105749 0.999804974
1341846341.406074 0.035994086 0.084361665 0.395849347 0.009595741 -0.001309254 0.016218461 0.999821544
1341846341.438113 0.038458481 0.080488361 0.400662720 0.010533791 -0.003735673 0.016192561 0.999806404
1341846341.470024 0.038467802 0.082473963 0.394315928 0.013671577 -0.003690750 0.014685663 0.999791861
1341846341.506077 0.035723079 0.084918708 0.392231941 0.013250257 -0.002658712 0.013941726 0.999811471
1341846341.538156 0.033394292 0.080818251 0.389705479 0.011988886 -0.004026477 0.013827792 0.999824405
1341846341.574016 0.046497516 0.083841890 0.391955674 0.013464425 -0.008556708 0.014954217 0.999760926
1341846341.612466 0.040295087 0.081888482 0.385967314 0.013196405 -0.008262072 0.015735192 0.999754965
1341846341.643972 0.043482080 0.084546119 0.384214908 0.012575532 -0.010370913 0.015148287 0.999752343
1341846341.679982 0.035610300 0.081034876 0.382380038 0.011953440 -0.010374547 0.015264953 0.999758184
1341846341.712332 0.034520339 0.081707679 0.382124692 0.012760152 -0.012697296 0.018695926 0.999663115
1341846341.744185 0.032544240 0.083477117 0.379646003 0.013723789 -0.014043344 0.019756820 0.999611974
1341846341.780061 0.037703726 0.083819203 0.378217816 0.013953365 -0.015557391 0.021385532 0.999552846
1341846341.842595 0.041858736 0.078574762 0.375261515 0.016104834 -0.016779706 0.026337113 0.999382496
1341846341.906227 0.041231997 0.075112797 0.372967273 0.019224083 -0.017494731 0.031301167 0.999171972
1341846341.942069 0.040059488 0.071538597 0.365699708 0.022264864 -0.016954990 0.032552600 0.999078095
1341846341.974775 0.040038504 0.073919684 0.363054812 0.025927240 -0.016995553 0.034393549 0.998927414
1341846342.010161 0.037689351 0.073776044 0.362154484 0.026490251 -0.018235939 0.036644693 0.998810768
1341846342.042024 0.038795248 0.069962755 0.361092001 0.028367387 -0.018506322 0.035574105 0.998792887
1341846342.080032 0.043901604 0.071839377 0.357306570 0.030310532 -0.016964994 0.036076825 0.998745143
1341846342.112265 0.038701266 0.066005342 0.356813729 0.029865937 -0.015692279 0.038682308 0.998681843
1341846342.147954 0.042249508 0.067170024 0.357507646 0.032851696 -0.017484739 0.040519930 0.998485446
1341846342.179852 0.044902906 0.065254644 0.351597667 0.035194449 -0.016960559 0.041762028 0.998363495
1341846342.211848 0.044206824 0.061490715 0.348660767 0.034924503 -0.016224565 0.041841295 0.998381853
1341846342.247920 0.040344264 0.063168235 0.350904465 0.036821447 -0.015543641 0.040329210 0.998386741
1341846342.279870 0.049645614 0.064011678 0.353025973 0.038382083 -0.016505810 0.041011665 0.998284757
1341846342.316068 0.049592774 0.072003223 0.349961996 0.041203011 -0.016306685 0.041996554 0.998134613
1341846342.347894 0.047831818 0.068180725 0.349105120 0.040575739 -0.015931355 0.042007938 0.998165905
1341846342.379953 0.049133398 0.060456764 0.346312821 0.039367709 -0.015335208 0.042237237 0.998213947
1341846342.416195 0.046910688 0.062079109 0.345656186 0.040269259 -0.014958527 0.043388467 0.998134255
